    ,id   ,file_upload                      ,drafts                                                                                                                                                                                                                                                                                                                                                                                                                                                                    ,predictions ,data                                                                                                                                                                                                                                                                                                                                                                                                                                                                                                                                                                                                                                                                                                                                                                                                                                                                                                                                                                                                                                                                                                                                                                                                                                                                                                                                                                                                                                                                                                                                                                                                                                                                                                                                                                                                                                                                                                                                                                                                                                                                                                                                                                                                                                                                                                                                                                                                                                                                                                          ,meta ,created_at                       ,updated_at                       ,inner_id ,total_annotations ,cancelled_annotations ,total_predictions ,comment_count ,unresolved_comment_count ,last_comment_updated_at ,project ,updated_by ,comment_authors ,id  ,completed_by ,result                                                                                                                                                 ,was_cancelled ,ground_truth ,created_at                  ,updated_at                  ,lead_time             ,prediction ,result_count ,unique_id                            ,last_action ,task ,project ,updated_by ,parent_prediction ,parent_annotation ,last_created_by
  0 ,   1 ,0a93ad42-noticias_cepea_soja.csv ,[]                                                                                                                                                                                                                                                                                                                                                                                                                                                                        ,[]          ,"{'ano': 2016.0, 'mes': 8.0, 'url': 'https://www.cepea.esalq.usp.br/br/diarias-de-mercado/soja-cepea-demanda-impulsiona-valor-nos-eua-preco-segue-em-queda-no-br.aspx', 'data': '15/08/2016', 'titulo': 'SOJA/CEPEA: Demanda impulsiona valor nos EUA; preço segue em queda no BR', 'noticia': 'Cepea, 15/08/2016 - Os preços da soja e derivados subiram nos Estados Unidos na última semana, impulsionados pela maior demanda externa. Importadores foram atraídos pelos menores valores naquele país, onde as cotações foram pressionadas pela desvalorização do dólar frente a uma cesta de moedas, inclusive o Real. Já no Brasil, os preços da soja em grão e do farelo seguiram em queda, influenciados justamente pela queda da moeda norte-americana, que desfavorece as vendas nacionais. O Indicador da soja Paranaguá ESALQ/BM&FBovespa, referente ao grão depositado no corredor de exportação e negociado na modalidade spot (pronta entrega), no porto de Paranaguá (PR), recuou 1,09% entre 5 e 12 de agosto, fechando a R$ 79,90/saca de 60 kg na sexta-feira, 12. A média ponderada da soja no Paraná, refletida no Indicador CEPEA/ESALQ, cedeu 0,2% em sete dias, a R$ 75,94/saca 60 kg nessa sexta. Atentos à possibilidade de que Argentina não consiga abastecer a demanda global de farelo e óleo de soja, vendedores brasileiros que ainda têm soja para comercializar estão retraídos. Como o Brasil é o segundo maior exportador mundial de farelo e óleo de soja, a demanda internacional poderia ser deslocada para o País. Além disso, a oferta de soja no Brasil é baixa. Colaboradores do Cepea indicam que há apenas cerca de 15% da safra para ser negociada', 'data_hora': '2016-08-15', 'Unnamed: 0': 4276, 'qtde_palavras_soja': 8.0}"                                                                                                                                                                                                                                                                                                                                                                                                                                                                                                                                                                                                                                                                                                                                   ,{}   ,2023-04-21 01:03:00.211841+00:00 ,2023-04-21 01:04:00.323490+00:00 ,       1 ,                1 ,                    0 ,                0 ,            0 ,                       0 ,                        ,      1 ,         1 ,[]              ,  1 ,           1 ,"[{'id': 'hO35nFheEQ', 'type': 'choices', 'value': {'choices': ['Negativa']}, 'origin': 'manual', 'to_name': 'text', 'from_name': 'sentiment'}]"       ,False         ,False        ,2023-04-21T01:03:59.109027Z ,2023-04-21T01:03:59.109047Z ,  34.664              ,{}         ,           0 ,eaf57abc-650d-4af1-a156-a342f8f4dcac ,            ,   1 ,      1 ,         1 ,                  ,                  ,
  1 ,   2 ,0a93ad42-noticias_cepea_soja.csv ,[]                                                                                                                                                                                                                                                                                                                                                                                                                                                                        ,[]          ,"{'ano': 2013.0, 'mes': 10.0, 'url': 'https://www.cepea.esalq.usp.br/br/diarias-de-mercado/soja-cepea-exportacao-atinge-recorde-e-processamento-cai-no-brasil.aspx', 'data': '07/10/2013', 'titulo': 'SOJA/CEPEA: Exportação atinge recorde e processamento cai no Brasil', 'noticia': 'Cepea, 07/10/2013 - As exportações da soja em grão têm atingido patamares recordes em 2013. Os embarques são impulsionados pelo valor em dólar recebido pelo exportador nacional, que é o maior da história. Esse cenário, por sua vez, resultou em disputa pela soja no mercado interno e também num dos menores volumes processados pela indústria brasileira nos últimos anos. De janeiro a setembro/13, o Brasil exportou 40,6 milhões de toneladas de soja em grão, volume 23,4% acima do embarcado em todo o ano de 2012 - dados da Secex. Nestes nove meses de 2013, os embarques geraram receita de US$ 21,6 bilhões, 23,9% a mais que no agregado de 2012. O preço médio de exportação em 2013 é de US$ 32,02/sc de 60 kg, o maior de toda a série história. No mercado interno, o processamento da soja está bem abaixo da média. Dados da Abiove (Associação Brasileira das Indústrias de Óleos Vegetais) apontam que, de fevereiro a agosto de 2013, foram processadas apenas 18,2 milhões de toneladas de soja em grão, o menor volume desde 2006. A menor disponibilidade interna de derivados, por sua vez, deve favorecer uma reação nos preços, especialmente nos de farelo de soja.', 'data_hora': '2013-10-07', 'Unnamed: 0': 6130, 'qtde_palavras_soja': 6.0}"                                                                                                                                                                                                                                                                                                                                                                                                                                                                                                                                                                                                                                                                                                                                                                                                                                                                                                                                    ,{}   ,2023-04-21 01:03:00.211921+00:00 ,2023-04-21 01:04:24.840263+00:00 ,       2 ,                1 ,                    0 ,                0 ,            0 ,                       0 ,                        ,      1 ,         1 ,[]              ,  2 ,           1 ,"[{'id': 'b3accI5kXX', 'type': 'choices', 'value': {'choices': ['Positiva']}, 'origin': 'manual', 'to_name': 'text', 'from_name': 'sentiment'}]"       ,False         ,False        ,2023-04-21T01:04:23.654805Z ,2023-04-21T01:04:23.654819Z ,  17.648              ,{}         ,           0 ,01a3f8ad-f0fa-473d-aca6-a1c0ab442373 ,            ,   2 ,      1 ,         1 ,                  ,                  ,
  2 ,   3 ,0a93ad42-noticias_cepea_soja.csv ,[]                                                                                                                                                                                                                                                                                                                                                                                                                                                                        ,[]          ,"{'ano': 2015.0, 'mes': 4.0, 'url': 'https://www.cepea.esalq.usp.br/br/diarias-de-mercado/soja-cepea-negociacoes-estao-atipicamente-lentas-no-spot-nacional.aspx', 'data': '27/04/2015', 'titulo': 'SOJA/CEPEA: Negociações estão atipicamente lentas no spot nacional', 'noticia': 'Cepea, 27/04/2015 - As negociações envolvendo a soja em grão estão atipicamente lentas no mercado físico brasileiro. Pesquisadores do Cepea relatam que, no final da última semana, o cenário foi agravado por novos protestos de caminhoneiros. Sem acordo com o governo federal quanto a um possível valor mínimo para o transporte de mercadorias, caminhoneiros voltaram a paralisar as atividades em muitos estados. Com isso, tanto compradores quanto vendedores de soja, que já estavam trabalhando em meio a problemas logísticos, agora temem ser prejudicados por atrasos mais intensos na entrega e no recebimento da soja e derivados. Na paralisação anterior, em fevereiro, houve grande atraso nas entregas de soja e derivados, principalmente para exportação. Com isso, importadores podem intensificar a compra de soja dos Estados Unidos. Vale lembrar que o enfraquecimento do dólar nas últimas semanas e problemas logísticos no Brasil já vinham direcionando o comprador externo aos Estados Unidos. Esse cenário, por sua vez, tem elevado as cotações da soja na CME Group (Bolsa de Chicago) e deixado os preços apenas nominais no Brasil.', 'data_hora': '2015-04-27', 'Unnamed: 0': 5166, 'qtde_palavras_soja': 6.0}"                                                                                                                                                                                                                                                                                                                                                                                                                                                                                                                                                                                                                                                                                                                                                                                                                                                                                                                                                                   ,{}   ,2023-04-21 01:03:00.211962+00:00 ,2023-04-21 01:05:43.140100+00:00 ,       3 ,                1 ,                    0 ,                0 ,            0 ,                       0 ,                        ,      1 ,         1 ,[]              ,  3 ,           1 ,"[{'id': 'Vy1xFpbmrq', 'type': 'choices', 'value': {'choices': ['Negativa']}, 'origin': 'manual', 'to_name': 'text', 'from_name': 'sentiment'}]"       ,False         ,False        ,2023-04-21T01:05:41.903445Z ,2023-04-21T01:05:41.903458Z ,  71.951              ,{}         ,           0 ,bdc8bcf7-7bdc-438d-b7aa-71969b706dc2 ,            ,   3 ,      1 ,         1 ,                  ,                  ,
  3 ,   4 ,0a93ad42-noticias_cepea_soja.csv ,[]                                                                                                                                                                                                                                                                                                                                                                                                                                                                        ,[]          ,"{'ano': 2006.0, 'mes': 10.0, 'url': 'https://www.cepea.esalq.usp.br/br/diarias-de-mercado/trigo-trigo-alcanca-o-preco-da-soja.aspx', 'data': '25/10/2006', 'titulo': 'TRIGO: Trigo alcança o preço da soja', 'noticia': 'Cepea,\xa025/10/2006 -\xa0O preço do trigo é hoje equivalente ao da soja no Sul do Brasil, fato que não ocorria há mais de dez anos. No estado do Paraná, por exemplo, uma saca de trigo costumava valer, em média, 0,72 saca de soja. A relação atual de preços trigo/soja no estado é de 0,98, ou seja, os preços atuais do trigo e da soja são praticamente iguais. No Rio Grande do Sul, uma saca de trigo costuma valer, em média, 0,67 sacas de soja. A relação atual de preços trigo/soja neste estado é de 1,02, com variações entre 0,99 a 1,02 no mercado de balcão e entre 1,00 a 1,05 no mercado de lotes. A valorização atual do trigo também é expressiva sobre o milho. A relação histórica de preços trigo/milho é de 1,36 no Rio Grande do Sul e de 1,50 no Paraná. Atualmente, a paridade de preços trigo/milho é de 1,73 no mercado gaúcho e de 1,87 no Paraná.', 'data_hora': '2006-10-25', 'Unnamed: 0': 9811, 'qtde_palavras_soja': 6.0}"                                                                                                                                                                                                                                                                                                                                                                                                                                                                                                                                                                                                                                                                                                                                                                                                                                                                                                                                                                                                                                                                                                                                                                                                                                                                                                                     ,{}   ,2023-04-21 01:03:00.212001+00:00 ,2023-04-21 01:06:19.454854+00:00 ,       4 ,                1 ,                    0 ,                0 ,            0 ,                       0 ,                        ,      1 ,         1 ,[]              ,  4 ,           1 ,"[{'id': 'KBJteHISVG', 'type': 'choices', 'value': {'choices': ['Neutra']}, 'origin': 'manual', 'to_name': 'text', 'from_name': 'sentiment'}]"         ,False         ,False        ,2023-04-21T01:06:18.231290Z ,2023-04-21T01:06:18.231304Z ,  26.242              ,{}         ,           0 ,0df3753f-be09-400d-9be3-d979a2b0a4cd ,            ,   4 ,      1 ,         1 ,                  ,                  ,
  4 ,   5 ,0a93ad42-noticias_cepea_soja.csv ,[]                                                                                                                                                                                                                                                                                                                                                                                                                                                                        ,[]          ,"{'ano': 2012.0, 'mes': 12.0, 'url': 'https://www.cepea.esalq.usp.br/br/diarias-de-mercado/soja-cepea-mercado-segue-lento-no-brasil.aspx', 'data': '10/12/2012', 'titulo': 'SOJA/CEPEA: Mercado segue lento no Brasil', 'noticia': 'Cepea, 10/12/2012 - Com agentes preocupados com o desenvolvimento da safra e com cerca de 50% da produção já comercializada, a liquidez no mercado brasileiro de soja segue baixa, inclusive para contratos antecipados. No mercado físico, praticamente não há lotes disponíveis. Além das incertezas quanto à safra da América do Sul, os preços da soja seguem impulsionados também pela retomada das importações da China e pela dificuldade de escoamento tanto da produção quanto de insumos nos Estados Unidos devido ao baixo nível de água em rios como o Mississipi. Apesar disso, o USDA sinalizou que, na semana encerrada em 29 de novembro, mais de 1,1 milhão de toneladas de soja foram embarcadas, em boa parte, para a China. Já as exportações brasileiras de soja em novembro refletiram a oferta escassa no mercado doméstico. Os volumes embarcados em novembro se assemelharam aos do final de 2010, ano em que o ritmo de exportação havia sido acelerado até agosto, como nesta temporada. Dados da Secex mostram a saída de apenas 259 mil toneladas de soja em grão, 71,4% a menos que em outubro e 85,3% abaixo de novembro de 2011. Entretanto, na parcial do ano, o País exportou 32,78 milhões de toneladas de soja, 4% acima dos 31,51 milhões no mesmo período de 2011. ', 'data_hora': '2012-12-10', 'Unnamed: 0': 6605, 'qtde_palavras_soja': 6.0}"                                                                                                                                                                                                                                                                                                                                                                                                                                                                                                                                                                                                                                                                                                                                                                                                                                                                                    ,{}   ,2023-04-21 01:03:00.212040+00:00 ,2023-04-21 01:06:58.506634+00:00 ,       5 ,                1 ,                    0 ,                0 ,            0 ,                       0 ,                        ,      1 ,         1 ,[]              ,  5 ,           1 ,"[{'id': 'RSrC6GTjhI', 'type': 'choices', 'value': {'choices': ['Positiva']}, 'origin': 'manual', 'to_name': 'text', 'from_name': 'sentiment'}]"       ,False         ,False        ,2023-04-21T01:06:57.310286Z ,2023-04-21T01:06:57.310298Z ,  32.931              ,{}         ,           0 ,3a326078-665c-4206-b11b-6216d6a186cb ,            ,   5 ,      1 ,         1 ,                  ,                  ,
  5 ,   6 ,0a93ad42-noticias_cepea_soja.csv ,[]                                                                                                                                                                                                                                                                                                                                                                                                                                                                        ,[]          ,"{'ano': 2016.0, 'mes': 7.0, 'url': 'https://www.cepea.esalq.usp.br/br/diarias-de-mercado/soja-cepea-valores-caem-mais-de-6-e-liquidez-diminui.aspx', 'data': '25/07/2016', 'titulo': 'SOJA/CEPEA: Valores caem mais de 6% e liquidez diminui', 'noticia': 'Cepea, 25/07/2016 - As boas condições das lavouras de soja nos Estados Unidos e as demandas mundial e brasileira enfraquecidas resultaram em queda nos valores domésticos da soja na última semana. Segundo pesquisadores do Cepea, houve aumento na diferença entre os valores oferecidos por compradores e pedidos por vendedores brasileiros, cenário que reduziu a liquidez no mercado. Assim, os valores estiveram praticamente nominais, com negociações ocorrendo apenas quando houve necessidade imediata. O Indicador da soja Paranaguá ESALQ/BM&FBovespa, referente ao grão depositado no corredor de exportação e negociado na modalidade spot (pronta entrega), no porto de Paranaguá (PR), recuou significativos 6,5% entre 15 e 22 de julho, fechando a R$ 83,76/saca de 60 kg na sexta-feira, 22. A média ponderada da soja no Paraná, refletida no Indicador CEPEA/ESALQ, também cedeu expressivos 6,75% em sete dias, a R$ 78,72/saca 60 kg na sexta. Mesmo diante das recentes quedas, produtores e comerciantes que têm soja disponível para comercializar estão retraídos, aguardando a definição da safra norte-americana. Além disso, vendedores domésticos esperam por maior demanda por parte de algumas indústrias esmagadoras do mercado brasileiro, as quais sinalizam estar com estoques baixos. -www.cepea.esalq.usp.br', 'data_hora': '2016-07-25', 'Unnamed: 0': 4383, 'qtde_palavras_soja': 5.0}"                                                                                                                                                                                                                                                                                                                                                                                                                                                                                                                                                                                                                                                                                                                                                                                                                 ,{}   ,2023-04-21 01:03:00.212077+00:00 ,2023-04-21 01:07:35.069828+00:00 ,       6 ,                1 ,                    0 ,                0 ,            0 ,                       0 ,                        ,      1 ,         1 ,[]              ,  6 ,           1 ,"[{'id': 'Qg7Gt7tMkC', 'type': 'choices', 'value': {'choices': ['Negativa']}, 'origin': 'manual', 'to_name': 'text', 'from_name': 'sentiment'}]"       ,False         ,False        ,2023-04-21T01:07:33.871537Z ,2023-04-21T01:07:33.871551Z ,  30.466              ,{}         ,           0 ,17cf8116-618c-47bb-8509-1edd719df1b8 ,            ,   6 ,      1 ,         1 ,                  ,                  ,
  6 ,   7 ,0a93ad42-noticias_cepea_soja.csv ,[]                                                                                                                                                                                                                                                                                                                                                                                                                                                                        ,[]          ,"{'ano': '', 'mes': '', 'url': 'https://www.cepea.esalq.usp.br/br/diarias-de-mercado/soja-cepea-dolar-recorde-impulsiona-valores-que-ja-ultrapassam-r-92-00-sc.aspx', 'data': '', 'titulo': 'SOJA/CEPEA: Dólar recorde impulsiona valores, que já ultrapassam R$ 92,00/sc', 'noticia': 'Cepea, 9/3/2020 – O dólar em patamar recorde segue elevando os preços da soja no mercado brasileiro, à medida que torna o grão mais atrativo aos importadores. Entre 28 de fevereiro e 6 de março, os Indicadores ESALQ/BM&FBovespa da soja Paranaguá (PR) e CEPEA/ESALQ Paraná subiram expressivos 3,2% e 4,1%, com respectivos fechamentos a R$ 92,80/sc de 60 kg e a R$ 86,32/sc, na sexta-feira, 6. Esses são os maiores patamares nominais desde o início de outubro de 2018. Na sexta-feira, a moeda norte-americana atingiu R$ 4,629, expressiva valorização de 3% se comparada à sexta-feira anterior. Segundo colaboradores do Cepea, apesar das altas, parte dos sojicultores esteve focada na colheita da oleaginosa, preferindo aguardar novas valorizações para negociar maiores volumes. A cautela dos vendedores está fundamentada também na possível redução da oferta do complexo soja da Argentina no mercado internacional, que pode favorecer as vendas brasileiras. O aumento da taxa sobre as exportações (“retenciones”) de soja e derivados foi oficializado e entrou em vigor na quinta-feira, 5 – a alíquota passou de 30% para 33%. Como a Argentina é a principal exportadora mundial de farelo e óleo de soja, o aumento no tributo desse país pode levar os consumidores internacionais a adquirir maiores volumes do Brasil e dos Estados Unidos. Fonte: Cepea – ', 'data_hora': '', 'Unnamed: 0': 1022, 'qtde_palavras_soja': 5.0}"                                                                                                                                                                                                                                                                                                                                                                                                                                                                                                                                                                                                                                                                                                                                                   ,{}   ,2023-04-21 01:03:00.212117+00:00 ,2023-04-22 15:47:50.491201+00:00 ,       7 ,                1 ,                    0 ,                0 ,            0 ,                       0 ,                        ,      1 ,         3 ,[]              ,  7 ,           1 ,"[{'id': 'OnOeOUdBl-', 'type': 'choices', 'value': {'choices': ['Positiva']}, 'origin': 'manual', 'to_name': 'text', 'from_name': 'sentiment'}]"       ,False         ,False        ,2023-04-22T15:00:52.125959Z ,2023-04-22T15:47:49.158542Z ,  24.695999999999998  ,{}         ,           0 ,f02ebdf3-5c19-4cae-88ce-ce98f993826a ,            ,   7 ,      1 ,         3 ,                  ,                  ,
  7 ,   8 ,0a93ad42-noticias_cepea_soja.csv ,[]                                                                                                                                                                                                                                                                                                                                                                                                                                                                        ,[]          ,"{'ano': 2017.0, 'mes': 5.0, 'url': 'https://www.cepea.esalq.usp.br/br/diarias-de-mercado/soja-cepea-comercializacao-de-derivados-aumenta.aspx', 'data': '29/05/2017', 'titulo': 'SOJA/CEPEA: Comercialização de derivados aumenta', 'noticia': 'Cepea, 29/05/2017 – A firme demanda por farelo e óleo de soja, a taxa cambial atrativa aos vendedores brasileiros e o atraso na colheita de soja na Argentina têm motivado novas negociações envolvendo derivados no Brasil. Segundo pesquisadores do Cepea, a disputa por farelo de soja entre os mercados nacional e o internacional está maior, o que elevou os preços domésticos do derivado. Importadores foram atraídos para o Brasil, devido à menor oferta na Argentina, uma vez que o excesso de umidade tem dificultado a colheita e afastado vendedores do mercado daquele país. A procura por óleo de soja também está aquecida, especialmente pelo setor de biodiesel, enquanto a oferta está reduzida. Quanto à soja em grão, a comercialização está mais enfraquecida no mercado spot, mas alguns produtores já começam a mostrar interesse em comercializar a safra 2017/18. Apenas alguns lotes têm sido negociados no mercado brasileiro, visto que vendedores estão na expectativa de preços maiores nas próximas semanas, fundamentados na firme demanda por derivados e no dólar mais elevado. ', 'data_hora': '2017-05-29', 'Unnamed: 0': 3933, 'qtde_palavras_soja': 5.0}"                                                                                                                                                                                                                                                                                                                                                                                                                                                                                                                                                                                                                                                                                                                                                                                                                                                                                                                                                                                                                                                            ,{}   ,2023-04-21 01:03:00.212154+00:00 ,2023-04-22 15:01:41.804770+00:00 ,       8 ,                1 ,                    0 ,                0 ,            0 ,                       0 ,                        ,      1 ,         1 ,[]              ,  8 ,           1 ,"[{'id': 'FL3a2jzhy7', 'type': 'choices', 'value': {'choices': ['Positiva']}, 'origin': 'manual', 'to_name': 'text', 'from_name': 'sentiment'}]"       ,False         ,False        ,2023-04-22T15:01:40.481567Z ,2023-04-22T15:01:40.481603Z ,  37.936              ,{}         ,           0 ,81539957-eadb-4a30-93e8-379dc4245d37 ,            ,   8 ,      1 ,         1 ,                  ,                  ,
  8 ,   9 ,0a93ad42-noticias_cepea_soja.csv ,[]                                                                                                                                                                                                                                                                                                                                                                                                                                                                        ,[]          ,"{'ano': '', 'mes': '', 'url': 'https://www.cepea.esalq.usp.br/br/diarias-de-mercado/soja-cepea-semeadura-avanca-no-br-precos-caem.aspx', 'data': '', 'titulo': 'SOJA/CEPEA: Semeadura avança no BR; preços caem', 'noticia': 'Cepea, 26/9/2022 – Favorecida pela maior umidade do solo, a semeadura da nova safra de soja avança no Brasil, sobretudo no Paraná, em Mato Grosso e em São Paulo. Apesar de preocupações com possíveis impactos negativos que o La Niña pode causar, especialmente no Sul do País, o clima entre agentes é de otimismo. Segundo colaboradores do Cepea, esse cenário levou parte dos agricultores a liquidar uma parcela da soja remanescente da safra 2021/22, resultando em queda nas cotações da oleaginosa no Brasil. Além disso, a ligeira desvalorização do dólar frente ao Real, que tende a deixar o produto nacional menos atrativo aos estrangeiros, também pressionou um pouco os preços domésticos – o dólar recuou 0,11% de 16 a 23 de setembro, a R$ 5,251 na sexta-feira, 23. Entre 15 e 22 de setembro, os Indicadores ESALQ/BM&FBovespa – Paranaguá (PR) e CEPEA/ESALQ – Paraná da soja recuaram 1,1% e 1,18%, com respectivos fechamentos de R$ 184,87/sc e de R$ 179,52/sc de 60 kg na sexta-feira. Vale ressaltar que as baixas internas da soja em grão foram limitadas pelo avanço dos preços externos. A colheita da oleaginosa nos Estados Unidos também se iniciou, mas as atividades estão lentas frente às últimas temporadas. Além disso, as exportações norte-americanas cresceram 52% entre as duas últimas semanas. Na parcial deste mês, os embarques de soja superaram em 81% o volume escoado na parcial de setembro de 2021. Fonte: Cepea (www.cepea.esalq.usp.br)', 'data_hora': '', 'Unnamed: 0': 3078, 'qtde_palavras_soja': 5.0}"                                                                                                                                                                                                                                                                                                                                                                                                                                                                                                                                                                                                                                                                                                       ,{}   ,2023-04-21 01:03:00.212191+00:00 ,2023-04-22 15:02:30.751870+00:00 ,       9 ,                1 ,                    0 ,                0 ,            0 ,                       0 ,                        ,      1 ,         1 ,[]              ,  9 ,           1 ,"[{'id': 'oZXzJh91bS', 'type': 'choices', 'value': {'choices': ['Positiva']}, 'origin': 'manual', 'to_name': 'text', 'from_name': 'sentiment'}]"       ,False         ,False        ,2023-04-22T15:02:29.405974Z ,2023-04-22T15:02:29.405992Z ,  41.617              ,{}         ,           0 ,2b142c63-be5d-45dc-b7dc-4c40e2a6fb2f ,            ,   9 ,      1 ,         1 ,                  ,                  ,
  9 ,  10 ,0a93ad42-noticias_cepea_soja.csv ,[]                                                                                                                                                                                                                                                                                                                                                                                                                                                                        ,[]          ,"{'ano': '', 'mes': '', 'url': 'https://www.cepea.esalq.usp.br/br/diarias-de-mercado/soja-cepea-valorizacao-do-oleo-impulsiona-precos-da-soja-em-grao.aspx', 'data': '', 'titulo': 'SOJA/CEPEA: Valorização do óleo impulsiona preços da soja em grão', 'noticia': 'Cepea, 28/8/2017 – Os preços da soja estão em alta, tanto no mercado doméstico quanto no internacional. Segundo pesquisadores do Cepea, esse cenário está atrelado às valorizações do óleo de soja na Bolsa de Chicago, que, por sua vez, refletem a possibilidade da imposição de tarifas de importação por parte dos Estados Unidos sobre o biodiesel da Argentina e da Indonésia, o que poderia favorecer a produção de biodiesel dentro dos EUA e, consequentemente, elevar a demanda por óleo de soja. Mesmo assim, segundo colaboradores do Cepea, a receita obtida pelas indústrias nacionais com o esmagamento da oleaginosa continuam apertadas (ou até mesmo negativas). Entre 18 e 25 de agosto, o Indicador da soja ESALQ/BM&FBovespa Paranaguá permaneceu praticamente estável (+0,04%), a R$ 69,51/sc de 60 kg na sexta-feira, 25. O Indicador CEPEA/ESALQ Paraná também permaneceu estável no período, fechando a R$ 63,72/sc de 60 kg na sexta. Quanto ao óleo de soja, os valores avançaram 1,9% na média das regiões acompanhadas pelo Cepea, a R$ 2.672,91/tonelada (posto na cidade de São Paulo com 12% de ICMS) no dia 25. ', 'data_hora': '', 'Unnamed: 0': 3673, 'qtde_palavras_soja': 5.0}"                                                                                                                                                                                                                                                                                                                                                                                                                                                                                                                                                                                                                                                                                                                                                                                                                                                                                                                                                                                                                      ,{}   ,2023-04-21 01:03:00.212228+00:00 ,2023-04-22 15:03:00.655887+00:00 ,      10 ,                1 ,                    0 ,                0 ,            0 ,                       0 ,                        ,      1 ,         1 ,[]              , 10 ,           1 ,"[{'id': '3_1rCmAzOS', 'type': 'choices', 'value': {'choices': ['Positiva']}, 'origin': 'manual', 'to_name': 'text', 'from_name': 'sentiment'}]"       ,False         ,False        ,2023-04-22T15:02:59.336560Z ,2023-04-22T15:02:59.336579Z ,  23.129              ,{}         ,           0 ,86674590-44a5-44e8-b4a0-abfe29d09674 ,            ,  10 ,      1 ,         1 ,                  ,                  ,
 10 ,  11 ,0a93ad42-noticias_cepea_soja.csv ,[]                                                                                                                                                                                                                                                                                                                                                                                                                                                                        ,[]          ,"{'ano': '', 'mes': '', 'url': 'https://www.cepea.esalq.usp.br/br/diarias-de-mercado/soja-cepea-estoque-reduzido-pode-manter-valores-firmes-em-2021.aspx', 'data': '', 'titulo': 'SOJA/CEPEA: Estoque reduzido pode manter valores firmes em 2021', 'noticia': 'Cepea, 4/1/2021 – Mesmo com o baixo índice pluviométrico no início da semeadura da safra 2020/21, as ocorrências de chuvas em volumes mais satisfatórios desde a última dezena de outubro/20 geram expectativas de produção recorde no Brasil, estimada em 134,5 milhões de toneladas pela Conab (+7,7%) e em 133 milhões de toneladas pelo USDA (+5,6%). Ainda assim, a relação estoque/consumo final pode ser a menor das últimas nove temporadas, podendo dar sustentação aos preços domésticos de soja e derivados no decorrer de 2021. Isso porque, em 2020, sojicultores aproveitaram os altos patamares de preços e negociaram mais da metade da safra 20/21, segundo pesquisas realizadas pelo Cepea. Também há expectativas de aumento na demanda doméstica, especialmente por parte do setor pecuário, no caso do farelo de soja. Além disso, a procura por óleo de soja para a produção de biodiesel deve seguir elevada, desafiando indústrias do setor alimentício quanto ao abastecimento do coproduto. Vale destacar que, pela primeira vez, o consumo industrial brasileiro de óleo de soja (3,9 milhões de toneladas) deve superar o uso alimentício (3,8 milhões de toneladas). Apesar das perspectivas positivas, é importante ressaltar que o maior custo operacional das aquisições de insumos – especialmente de fertilizantes – pode limitar as margens do produtor em 2021. Além disso, as exportações podem se desacelerar, visto que a China deve adquirir maior parcela de soja dos Estados Unidos, motivada pelo acordo comercial entre ambos os países. Fonte: ', 'data_hora': '', 'Unnamed: 0': 243, 'qtde_palavras_soja': 5.0}"                                                                                                                                                                                                                                                                                                                                                                                                                                                                                                                                                                                ,{}   ,2023-04-21 01:03:00.212266+00:00 ,2023-04-22 15:40:30.940782+00:00 ,      11 ,                1 ,                    0 ,                0 ,            0 ,                       0 ,                        ,      1 ,         1 ,[]              , 11 ,           1 ,"[{'id': 'liwKmcUSRn', 'type': 'choices', 'value': {'choices': ['Positiva']}, 'origin': 'manual', 'to_name': 'text', 'from_name': 'sentiment'}]"       ,False         ,False        ,2023-04-22T15:40:29.523694Z ,2023-04-22T15:40:29.523713Z ,  23.036              ,{}         ,           0 ,89d76334-646f-4032-9904-6897994f8d52 ,            ,  11 ,      1 ,         1 ,                  ,                  ,
 11 ,  12 ,0a93ad42-noticias_cepea_soja.csv ,[]                                                                                                                                                                                                                                                                                                                                                                                                                                                                        ,[]          ,"{'ano': '', 'mes': '', 'url': 'https://www.cepea.esalq.usp.br/br/diarias-de-mercado/soja-cepea-producao-recorde-pode-pressionar-valor-do-grao-no-inicio-de-2014.aspx', 'data': '', 'titulo': 'SOJA/CEPEA: Produção recorde pode pressionar valor do grão no início de 2014', 'noticia': 'Cepea, 6/1/2014 - A sojicultura brasileira tem como desafios para 2014 garantir a manutenção dos atuais patamares de preços ao produtor e buscar soluções para os entraves logísticos, já que as expectativas são de safra 2013/14 recorde. Segundo pesquisadores do Cepea, as vendas antecipadas foram menos intensas no fim de 2013 e há sinalização de quedas nas cotações para os primeiros meses de 2014. A oferta crescente, resultado da maior área cultivada nos últimos anos, é um dos principais fatores de pressão. Da safra 2006/07 até a atual temporada (2013/14), a área cultivada com soja no Brasil cresceu 8,5 milhões de hectares (ou 41%), sendo 4 milhões de hectares a mais somente nos dois últimos anos-safras. Esta será a sétima temporada de crescimento de área com soja no País, atingindo recorde - na temporada 2013/14, a oleaginosa voltou a ganhar espaço do milho e outras culturas na safra de verão. O aumento da área cultivada nos últimos anos está atrelado à boa rentabilidade e à liquidez da cultura, com mais produtores apostando na soja no verão e no milho na segunda safra. Para a temporada 2013/14, a rentabilidade da soja deve ser menor que a obtida na 2012/13, mas ainda é maior que a de culturas concorrentes. De acordo com dados da equipe de custos agrícolas do Cepea, se considerados os custos e os preços médios de venda da saca de soja em novembro/13, a rentabilidade do grão sobre os custos operacionais na nova safra ficariam entre 56% e 77,7%, patamares extremamente atrativos - essa diferença entre os resultados é dada pela produtividade e por tratos culturais. ', 'data_hora': '', 'Unnamed: 0': 5972, 'qtde_palavras_soja': 5.0}"                                                                                                                                                                                                                                                                                                                                                                                                                                                                                              ,{}   ,2023-04-21 01:03:00.212303+00:00 ,2023-04-22 15:49:24.660382+00:00 ,      12 ,                1 ,                    0 ,                0 ,            0 ,                       0 ,                        ,      1 ,         3 ,[]              , 12 ,           3 ,"[{'id': '9_1Deo0gAG', 'type': 'choices', 'value': {'choices': ['Positiva']}, 'origin': 'manual', 'to_name': 'text', 'from_name': 'sentiment'}]"       ,False         ,False        ,2023-04-22T15:49:23.240100Z ,2023-04-22T15:49:23.240116Z ,  54.419              ,{}         ,           0 ,cff02509-aeff-416f-8ca7-da76b32d0f31 ,            ,  12 ,      1 ,         3 ,                  ,                  ,
 12 ,  13 ,0a93ad42-noticias_cepea_soja.csv ,[]                                                                                                                                                                                                                                                                                                                                                                                                                                                                        ,[]          ,"{'ano': '', 'mes': '', 'url': 'https://www.cepea.esalq.usp.br/br/diarias-de-mercado/soja-cepea-com-alta-externa-indicadores-avancam.aspx', 'data': '', 'titulo': 'SOJA/CEPEA: Com alta externa, Indicadores avançam', 'noticia': 'Cepea, 1º/08/2022 – Os preços da soja subiram no mercado doméstico, diante das altas internacionais. De 22 a 29 de julho, os Indicadores ESALQ/BM&FBovespa – Paranaguá (PR) e\xa0CEPEA/ESALQ – Paraná da oleaginosa subiram expressivos 5,8% e 5%, com respectivos fechamentos de R$\xa0195,73/sc e de\xa0R$\xa0188,17/sc de 60 kg nessa sexta-feira, 29. No front externo, a crise na economia da Argentina vem gerando especulações de menor oferta de soja e derivados para exportação. Para conter a inflação, o governo do país considera reduzir os embarques ou até mesmo elevar mais uma vez o imposto sobre as exportações do complexo soja. Vale ressaltar que o país vizinho é o principal exportador mundial de farelo e óleo de soja e o terceiro mais importante no abastecimento global do grão. Diante disso, agentes do Brasil e dos Estados Unidos esperam obter maior fatia nas comercializações mundiais de derivados de soja, resultando em alta nos preços em ambos os países. Fonte: Cepea (', 'data_hora': '', 'Unnamed: 0': 10200, 'qtde_palavras_soja': 5.0}"                                                                                                                                                                                                                                                                                                                                                                                                                                                                                                                                                                                                                                                                                                                                                                                                                                                                                                                                                                                                                                                                                                                                                                                    ,{}   ,2023-04-21 01:03:00.212339+00:00 ,2023-04-22 15:50:40.373478+00:00 ,      13 ,                1 ,                    0 ,                0 ,            0 ,                       0 ,                        ,      1 ,         3 ,[]              , 13 ,           3 ,"[{'id': '1Abgct4uIS', 'type': 'choices', 'value': {'choices': ['Positiva']}, 'origin': 'manual', 'to_name': 'text', 'from_name': 'sentiment'}]"       ,False         ,False        ,2023-04-22T15:50:39.024350Z ,2023-04-22T15:50:39.024367Z ,  51.674              ,{}         ,           0 ,4af41cdf-41ca-481b-8c1c-eb56b5c943f2 ,            ,  13 ,      1 ,         3 ,                  ,                  ,
 13 ,  14 ,0a93ad42-noticias_cepea_soja.csv ,[]                                                                                                                                                                                                                                                                                                                                                                                                                                                                        ,[]          ,"{'ano': 2020.0, 'mes': 9.0, 'url': 'https://www.cepea.esalq.usp.br/br/diarias-de-mercado/soja-cepea-china-volta-a-comprar-nos-eua-e-demanda-externa-por-produto-do-br-diminui.aspx', 'data': '14/09/2020', 'titulo': 'SOJA/CEPEA: China volta a comprar nos EUA e demanda externa por produto do BR diminui', 'noticia': 'Cepea, 14/09/2020 – A China voltou a demandar maiores volumes de soja dos Estados Unidos, cenário que evidencia um progresso na fase 1 do acordo comercial entre os países. Com isso, após mais de dois anos, os preços futuros de soja voltaram a operar acima dos US$ 10,00/bushel na CME Group (Bolsa de Chicago). Além da maior demanda, a alta externa esteve atrelada também à menor produção nos Estados Unidos. Com o maior interesse pela soja dos EUA, a demanda externa pelo produto nacional diminuiu, pressionando os valores nos portos brasileiros, segundo informações do Cepea,. Em Paranaguá (PR), o Indicador ESALQ/BM&FBovespa caiu 0,26% na parcial de setembro (até o dia 11), a R$ 137,40/sc nessa sexta-feira, 11. Quanto aos embarques, conforme dados da Secex, o Brasil escoou, em agosto, o menor volume de soja e derivados desde fevereiro deste ano. Do grão, foram exportadas 6,23 milhões de toneladas, de farelo, 1,49 milhão de toneladas e de óleo de soja, 68,55 mil toneladas. Fonte: Cepea – ', 'data_hora': '2020-09-14', 'Unnamed: 0': 420, 'qtde_palavras_soja': 5.0}"                                                                                                                                                                                                                                                                                                                                                                                                                                                                                                                                                                                                                                                                                                                                                                                                                                                                                                                                                                                                                                                                   ,{}   ,2023-04-21 01:03:00.212377+00:00 ,2023-04-22 16:02:15.441446+00:00 ,      14 ,                1 ,                    0 ,                0 ,            0 ,                       0 ,                        ,      1 ,         3 ,[]              , 26 ,           3 ,"[{'id': '6XEwOmWMxm', 'type': 'choices', 'value': {'choices': ['Negativa']}, 'origin': 'manual', 'to_name': 'text', 'from_name': 'sentiment'}]"       ,False         ,False        ,2023-04-22T16:02:14.104649Z ,2023-04-22T16:02:14.104669Z , 680.972              ,{}         ,           0 ,b76ad095-dcd2-4964-a99f-4d93fe80822b ,            ,  14 ,      1 ,         3 ,                  ,                  ,
 14 ,  15 ,0a93ad42-noticias_cepea_soja.csv ,[]                                                                                                                                                                                                                                                                                                                                                                                                                                                                        ,[]          ,"{'ano': 2014.0, 'mes': 5.0, 'url': 'https://www.cepea.esalq.usp.br/br/diarias-de-mercado/soja-cepea-soja-se-valoriza-apesar-de-expectativa-de-estoque-final-recorde.aspx', 'data': '26/05/2014', 'titulo': 'SOJA/CEPEA: Soja se valoriza, apesar de expectativa de estoque final recorde', 'noticia': 'Cepea, 26/05/2014 - O cultivo de soja se intensifica no Hemisfério Norte, enquanto produtores da América do Sul estão iniciando - e, em alguns casos, avançando - os preparativos da safra 2014/15. Segundo pesquisadores do Cepea, a expectativa é de que a área mundial volte a crescer nesta temporada, mesmo que em menor intensidade que nas anteriores. No Brasil, tudo indica que a soja deve voltar a ganhar espaço do milho de primeira safra - cenário que já é observado nos Estados Unidos. Produtores brasileiros, contudo, devem ficar atentos às cotações para não perder a oportunidade de travar seus preços por meio de contratos antecipados, já que os estoques finais da safra mundial 2014/15 devem ser recordes, conforme indicam estimativas do USDA. De 16 a 23 de maio, os preços da soja em grão subiram no Brasil e nos Estados Unidos, puxados novamente pela receita do farelo de soja. Além das exportações, as demandas internas também estão firmes. No mercado doméstico nacional, o Indicador da soja Paranaguá ESALQ/BM&FBovespa, que é baseado em negócios realizados, subiu 1,5%, a R$ 71,77/sc de 60 kg na sexta-feira, 23. A média ponderada das regiões paranaenses, refletida no Indicador CEPEA/ESALQ, avançou 2,25% no mesmo período, indo para R$ 68,80/sc de 60 kg na sexta. ', 'data_hora': '2014-05-26', 'Unnamed: 0': 5786, 'qtde_palavras_soja': 5.0}"                                                                                                                                                                                                                                                                                                                                                                                                                                                                                                                                                                                                                                                                                                                                                                                              ,{}   ,2023-04-21 01:03:00.212416+00:00 ,2023-04-22 16:19:25.940114+00:00 ,      15 ,                1 ,                    0 ,                0 ,            0 ,                       0 ,                        ,      1 ,         3 ,[]              , 66 ,           3 ,"[{'id': 'BKMOHRCljc', 'type': 'choices', 'value': {'choices': ['Positiva']}, 'origin': 'manual', 'to_name': 'text', 'from_name': 'sentiment'}]"       ,False         ,False        ,2023-04-22T16:19:24.516042Z ,2023-04-22T16:19:24.516060Z , 460.237              ,{}         ,           0 ,95bf8b22-8d0c-4cbb-8822-484a5fe05c75 ,            ,  15 ,      1 ,         3 ,                  ,                  ,
 15 ,  16 ,0a93ad42-noticias_cepea_soja.csv ,[]                                                                                                                                                                                                                                                                                                                                                                                                                                                                        ,[]          ,"{'ano': '', 'mes': '', 'url': 'https://www.cepea.esalq.usp.br/br/diarias-de-mercado/soja-cepea-maior-oferta-enfraquece-valor-do-grao.aspx', 'data': '', 'titulo': 'SOJA/CEPEA: Maior oferta enfraquece valor do grão', 'noticia': 'Cepea, 12/5/2014 - Os valores da soja se enfraqueceram na última semana no mercado brasileiro. Além da pressão vinda do dólar, parte dos produtores nacionais está mais interessada na venda da soja, fazendo com que compradores ofertem preços menores para aquisição do grão. Na média das regiões pesquisadas pelo Cepea, os preços recuaram 0,1% no mercado de balcão (ao produtor) e registraram ligeira alta de 0,6% no de lotes (negociações entre empresas) entre 2 e 9 de maio. Em relatório divulgado neste início de maio, a Conab elevou a estimativa da safra brasileira em 0,57% em relação ao relatório de abril, indo para 86,57 milhões de toneladas de soja. Isso se deve ao crescimento de 8,3% do total da área colhida em relação à safra passada. Já a produtividade nacional recuou 1,9% frente à temporada anterior, devido às condições climáticas adversas no período de desenvolvimento do grão. Quanto às exportações nacionais de soja em grão, nos quatro primeiros meses de 2014, o Brasil embarcou volume recorde para o período, de acordo com dados da Secex. Somente em abril, foram embarcadas 8,25 milhões de toneladas do grão, um recorde mensal, somando 17,3 milhões de toneladas de soja na parcial de 2014. ', 'data_hora': '', 'Unnamed: 0': 5752, 'qtde_palavras_soja': 5.0}"                                                                                                                                                                                                                                                                                                                                                                                                                                                                                                                                                                                                                                                                                                                                                                                                                                                                                                                                               ,{}   ,2023-04-21 01:03:00.212455+00:00 ,2023-04-22 16:32:26.218972+00:00 ,      16 ,                1 ,                    0 ,                0 ,            0 ,                       0 ,                        ,      1 ,         3 ,[]              , 78 ,           3 ,"[{'id': 'uwRBHoe8Ne', 'type': 'choices', 'value': {'choices': ['Positiva']}, 'origin': 'manual', 'to_name': 'text', 'from_name': 'sentiment'}]"       ,False         ,False        ,2023-04-22T16:32:24.843016Z ,2023-04-22T16:32:24.843049Z , 567.188              ,{}         ,           0 ,016a5c49-701d-4f37-a5dc-16b1aca950c2 ,            ,  16 ,      1 ,         3 ,                  ,                  ,
 16 ,  17 ,0a93ad42-noticias_cepea_soja.csv ,[]                                                                                                                                                                                                                                                                                                                                                                                                                                                                        ,[]          ,"{'ano': '', 'mes': '', 'url': 'https://www.cepea.esalq.usp.br/br/diarias-de-mercado/suinos-cepea-relacao-de-troca-por-insumos-em-sc-e-a-melhor-desde-nov-17.aspx', 'data': '', 'titulo': 'SUÍNOS/CEPEA: Relação de troca por insumos em SC é a melhor desde nov/17', 'noticia': 'Cepea, 25/4/2019 – Com o aumento nos preços do suíno vivo e a queda nas cotações dos principais insumos utilizados na atividade (milho e farelo de soja), o poder de compra de suinocultores paulistas e catarinenses vem aumentando neste mês de abril. Na média parcial do mês (até o dia 24), com a venda de um quilo do animal vivo, é possível ao produtor do Oeste Catarinense a aquisição de 6,89 quilos de milho ou de 3,43 quilos de farelo de soja, 8,3% e 4,2%, respectivamente, a mais do que em março/19. Esta é a relação de troca mais favorável ao suinocultor da região desde novembro de 2017, quando a venda de um quilo do animal vivo possibilitava a compra de 7,22 quilos de milho ou de 3,55 quilos de farelo de soja. O produtor paulista, por sua vez, consegue adquirir neste mês 7,15 quilos de milho ou 3,8 quilos de farelo de soja com a venda de um quilo de suíno vivo, o maior poder de compra desde janeiro/18, quando o quilo do suíno comprava 7,2 quilos de milho ou 3,82 quilos de farelo de soja. De acordo com colaboradores do Cepea, as valorizações do suíno vivo, em especial na região Sul, estão atreladas ao aumento da procura por parte de frigoríficos para atender contratos de exportação. Na parcial de abril, o suíno vivo registra média de R$ 4,01/kg na região catarinense, 2,8% acima da de março/19. Na região de SP-5 (Bragança Paulista, Campinas, Piracicaba, São Paulo e Sorocaba), a média atual, de R$ 4,30/kg, supera em 2,1% a do mês anterior. ', 'data_hora': '', 'Unnamed: 0': 2826, 'qtde_palavras_soja': 5.0}"                                                                                                                                                                                                                                                                                                                                                                                                                                                                                                                                                                                                                                     ,{}   ,2023-04-21 01:03:00.212534+00:00 ,2023-04-22 17:30:52.263227+00:00 ,      17 ,                1 ,                    0 ,                0 ,            0 ,                       0 ,                        ,      1 ,         3 ,[]              ,114 ,           3 ,"[{'id': 'DtgdfphrIy', 'type': 'choices', 'value': {'choices': ['Negativa']}, 'origin': 'manual', 'to_name': 'text', 'from_name': 'sentiment'}]"       ,False         ,False        ,2023-04-22T17:30:50.879851Z ,2023-04-22T17:30:50.879899Z ,1548.986              ,{}         ,           0 ,8efb518c-1e21-48d6-a00b-e9f7bb4fb108 ,            ,  17 ,      1 ,         3 ,                  ,                  ,
 17 ,  18 ,0a93ad42-noticias_cepea_soja.csv ,[]                                                                                                                                                                                                                                                                                                                                                                                                                                                                        ,[]          ,"{'ano': 2016.0, 'mes': 7.0, 'url': 'https://www.cepea.esalq.usp.br/br/diarias-de-mercado/soja-cepea-cotacoes-recuam-com-forca-no-br.aspx', 'data': '11/07/2016', 'titulo': 'SOJA/CEPEA: Cotações recuam com força no BR', 'noticia': 'Cepea, 11/07/2016 - Os preços externos da soja em grão e do farelo caíram com força na semana passada. Segundo pesquisadores do Cepea, a pressão veio de especulações indicando que as inundações na China, que resultaram na morte de grande volume de animais de corte, podem diminuir a demanda do país asiático por soja e farelo norte-americanos. Além disso, o clima favorável às lavouras dos Estados Unidos e a alta do dólar frente a uma cesta de moedas também influenciaram as baixas internacionais. No Brasil, os valores da soja também caíram, especialmente no final da semana passada. O Indicador da soja Paranaguá ESALQ/BM&FBovespa, referente ao grão depositado no corredor de exportação e negociado na modalidade spot (pronta entrega), no porto de Paranaguá (PR), caiu 5% entre 1º e 8 de julho, fechando a R$ 87,65/saca de 60 kg na sexta-feira, 8. A média ponderada da soja no Paraná, refletida no Indicador CEPEA/ESALQ, recuou 6,16% no mesmo período, a R$ 83,07/saca de 60 kg no dia 8. -www.cepea.esalq.usp.br', 'data_hora': '2016-07-11', 'Unnamed: 0': 10167, 'qtde_palavras_soja': 5.0}"                                                                                                                                                                                                                                                                                                                                                                                                                                                                                                                                                                                                                                                                                                                                                                                                                                                                                                                                                                                                                                                                                                                                    ,{}   ,2023-04-21 01:03:00.212574+00:00 ,2023-04-22 17:32:49.340075+00:00 ,      18 ,                1 ,                    0 ,                0 ,            0 ,                       0 ,                        ,      1 ,         3 ,[]              ,115 ,           3 ,"[{'id': 'r2fGeUFM12', 'type': 'choices', 'value': {'choices': ['Negativa']}, 'origin': 'manual', 'to_name': 'text', 'from_name': 'sentiment'}]"       ,False         ,False        ,2023-04-22T17:32:47.957619Z ,2023-04-22T17:32:47.957641Z ,  94.63               ,{}         ,           0 ,94d3b60b-8be5-44e1-8fda-980b35c7c132 ,            ,  18 ,      1 ,         3 ,                  ,                  ,
 18 ,  19 ,0a93ad42-noticias_cepea_soja.csv ,[]                                                                                                                                                                                                                                                                                                                                                                                                                                                                        ,[]          ,"{'ano': '', 'mes': '', 'url': 'https://www.cepea.esalq.usp.br/br/diarias-de-mercado/soja-cepea-preco-do-oleo-atinge-recorde-real-e-grao-tambem-se-valoriza.aspx', 'data': '', 'titulo': 'SOJA/CEPEA: Preço do óleo atinge recorde real, e grão também se valoriza', 'noticia': 'Cepea, 6/6/2022 – As preocupações com a possível menor oferta de óleo de palma na Ásia, a valorização do petróleo e a firme demanda mundial por óleo de soja impulsionaram as cotações desse derivado no Brasil e nos Estados Unidos a patamares recordes. Levantamento do Cepea mostra que o óleo de soja, bruto degomado, negociado em São Paulo – SP (com 12% de ICMS) teve média de R$ 9.693,25/tonelada em maio, 5,3% superior à de abril e recorde real (IGP-DI, de abril/22), considerando-se a série mensal do Cepea, iniciada em jul/98. Ressalta-se que o avanço do preço doméstico foi limitado pela menor demanda do setor de biodiesel. Além disso, indústrias alimentícias vêm relatando dificuldades em repassar as novas valorizações do óleo de soja ao consumidor. Quanto à soja em grão, o aumento no preço do óleo elevou a procura da indústria pela oleaginosa, o que impulsionou as cotações da matéria-prima. A valorização do dólar frente ao Real, de 4,1% de abril para maio, também elevou os preços da soja. Na comparação mensal, o Indicador ESALQ/BM&FBovespa – Paranaguá (PR) avançou 3,8%, e o Indicador CEPEA/ESALQ – Paraná, 3,7%. Fonte: Cepea (', 'data_hora': '', 'Unnamed: 0': 5515, 'qtde_palavras_soja': 5.0}"                                                                                                                                                                                                                                                                                                                                                                                                                                                                                                                                                                                                                                                                                                                                                                                                                                                                                                                                                                     ,{}   ,2023-04-21 01:03:00.212612+00:00 ,2023-04-22 17:35:37.864904+00:00 ,      19 ,                1 ,                    0 ,                0 ,            0 ,                       0 ,                        ,      1 ,         3 ,[]              ,116 ,           3 ,"[{'id': 'bjMMMspP_6', 'type': 'choices', 'value': {'choices': ['Positiva']}, 'origin': 'manual', 'to_name': 'text', 'from_name': 'sentiment'}]"       ,False         ,False        ,2023-04-22T17:35:36.528127Z ,2023-04-22T17:35:36.528154Z , 149.87               ,{}         ,           0 ,92cef712-714e-4e58-a7f5-24332a4c4ffb ,            ,  19 ,      1 ,         3 ,                  ,                  ,
 19 ,  20 ,0a93ad42-noticias_cepea_soja.csv ,[]                                                                                                                                                                                                                                                                                                                                                                                                                                                                        ,[]          ,"{'ano': 2007.0, 'mes': 9.0, 'url': 'https://www.cepea.esalq.usp.br/br/diarias-de-mercado/soja-situacao-deve-ser-boa-a-produtores-na-safra-07-08.aspx', 'data': '10/09/2007', 'titulo': 'SOJA: Situação deve ser boa a produtores na safra 07/08', 'noticia': 'Cepea, 10/09/2007 -\xa0Produtores de soja e milho devem obter melhor remuneração na safra 2007/08 em relação à anterior, que já registrou preços maiores. Tomando como base os preços atuais e os parâmetros dos custos dos insumos (defensivos e fertilizantes), a rentabilidade é de 46% para a soja e de 79% para o milho, contra 6% e 21%, respectivamente, em setembro de 2006. Isso poderia sinalizar, a princípio, para a maior competitividade do milho em relação à soja. Contudo, é preciso destacar alguns fatores favoráveis à soja frente ao milho, como a maior liquidez durante o ano todo, o menor custo por hectare, que implica em menor desembolso total, maior facilidade e/ou alternativas de financiamento entre outros. Dessa forma, é possível dizer que a área de soja poderá se sustentar na safra 2007/08 e a de milho, ter ligeiros aumentos. ', 'data_hora': '2007-09-10', 'Unnamed: 0': 9348, 'qtde_palavras_soja': 5.0}"                                                                                                                                                                                                                                                                                                                                                                                                                                                                                                                                                                                                                                                                                                                                                                                                                                                                                                                                                                                                                                                                                                                                                                                                                                                                                        ,{}   ,2023-04-21 01:03:00.212649+00:00 ,2023-04-22 21:07:10.234217+00:00 ,      20 ,                1 ,                    0 ,                0 ,            0 ,                       0 ,                        ,      1 ,         2 ,[]              ,117 ,           2 ,"[{'id': '827CZRTzVs', 'type': 'choices', 'value': {'choices': ['Positiva']}, 'origin': 'manual', 'to_name': 'text', 'from_name': 'sentiment'}]"       ,False         ,False        ,2023-04-22T21:06:58.808119Z ,2023-04-22T21:07:08.849595Z ,  59.692              ,{}         ,           0 ,bfaf1f33-8aec-40d8-8ae3-cd4f27a56064 ,            ,  20 ,      1 ,         2 ,                  ,                  ,
 20 ,  21 ,0a93ad42-noticias_cepea_soja.csv ,[]                                                                                                                                                                                                                                                                                                                                                                                                                                                                        ,[]          ,"{'ano': '', 'mes': '', 'url': 'https://www.cepea.esalq.usp.br/br/diarias-de-mercado/soja-cepea-procura-firme-continua-elevando-precos.aspx', 'data': '', 'titulo': 'SOJA/CEPEA: Procura firme continua elevando preços', 'noticia': 'Cepea, 2/8/2010 - A demanda, tanto internacional quanto doméstica, continua impulsionando as cotações da soja no mercado brasileiro, conforme pesquisadores do Cepea. Os derivados também têm registrado valorizações - a demanda interna continua vindo do segmento de carnes (farelo de soja) e do mercado de biodiesel (óleo de soja). Assim, os derivados alcançaram, na semana passada, o terceiro mês consecutivo de médias em alta. Para a soja em grão, foi o quarto mês. Entre 23 e 30 de julho, o Indicador ESALQ/BM&FBovespa (produto posto porto de Paranaguá) subiu 1,27%, passando para R$ 42,97/saca na sexta-feira. O Indicador CEPEA/ESALQ (média de cinco regiões do Paraná) da soja em grão aumentou 1,14%, fechando a R$ 40,05/sc de 60 kg . ', 'data_hora': '', 'Unnamed: 0': 7684, 'qtde_palavras_soja': 5.0}"                                                                                                                                                                                                                                                                                                                                                                                                                                                                                                                                                                                                                                                                                                                                                                                                                                                                                                                                                                                                                                                                                                                                                                                                                                                                                                                                                                                                                                    ,{}   ,2023-04-21 01:03:00.212685+00:00 ,2023-04-22 21:08:47.176676+00:00 ,      21 ,                1 ,                    0 ,                0 ,            0 ,                       0 ,                        ,      1 ,         1 ,[]              ,118 ,           1 ,"[{'id': 'DLaBFWzIIs', 'type': 'choices', 'value': {'choices': ['Positiva']}, 'origin': 'manual', 'to_name': 'text', 'from_name': 'sentiment'}]"       ,False         ,False        ,2023-04-22T21:08:45.828844Z ,2023-04-22T21:08:45.828863Z ,   8.408              ,{}         ,           0 ,f8d831e1-3667-4caf-aa2d-30e019c5f3ba ,            ,  21 ,      1 ,         1 ,                  ,                  ,
 21 ,  43 ,0a93ad42-noticias_cepea_soja.csv ,[]                                                                                                                                                                                                                                                                                                                                                                                                                                                                        ,[]          ,"{'ano': 2015.0, 'mes': 1.0, 'url': 'https://www.cepea.esalq.usp.br/br/diarias-de-mercado/soja-cepea-expectativa-de-safra-recorde-pressiona-cotacoes.aspx', 'data': '19/01/2015', 'titulo': 'SOJA/CEPEA: Expectativa de safra recorde pressiona cotações', 'noticia': 'Cepea, 19/01/2015 - Os preços da soja têm recuado com força no mercado brasileiro, de acordo com dados do Cepea. As quedas estão atreladas à queda dos contratos futuros na CME Group (Bolsa de Chicago) e à desvalorização do dólar frente ao Real. Outro fator que pressiona as cotações no Brasil é a expectativa de safra recorde no País, que também deve elevar a disponibilidade dos derivados de soja. A média ponderada da soja no estado do Paraná, refletida no Indicador CEPEA/ESALQ, teve forte queda de 5% entre 9 e 16 de janeiro, indo para R$ 58,46/sc de 60 kg na sexta, 16. Já o Indicador da soja Paranaguá ESALQ/BM&FBovespa, que é baseado em negócios realizados na modalidade spot, referentes ao grão depositado no corredor de exportação de Paranaguá, permanece arbitrado em R$ 61,17/sc de 60 kg. ', 'data_hora': '2015-01-19', 'Unnamed: 0': 5372, 'qtde_palavras_soja': 4.0}"                                                                                                                                                                                                                                                                                                                                                                                                                                                                                                                                                                                                                                                                                                                                                                                                                                                                                                                                                                                                                                                                                                                                                                                                                                                                                                                           ,{}   ,2023-04-21 01:03:00.213722+00:00 ,2023-04-22 16:59:09.940404+00:00 ,      43 ,                1 ,                    0 ,                0 ,            0 ,                       0 ,                        ,      1 ,         3 ,[]              ,113 ,           3 ,"[{'id': '6qPczSk883', 'type': 'choices', 'value': {'choices': ['Negativa']}, 'origin': 'manual', 'to_name': 'text', 'from_name': 'sentiment'}]"       ,False         ,False        ,2023-04-22T16:59:08.545414Z ,2023-04-22T16:59:08.545440Z , 193.65               ,{}         ,           0 ,12fb8756-b447-45f9-b9e3-60bf3f814234 ,            ,  43 ,      1 ,         3 ,                  ,                  ,
 22 ,  44 ,0a93ad42-noticias_cepea_soja.csv ,[]                                                                                                                                                                                                                                                                                                                                                                                                                                                                        ,[]          ,"{'ano': 2016.0, 'mes': 6.0, 'url': 'https://www.cepea.esalq.usp.br/br/diarias-de-mercado/soja-cepea-valor-no-porto-ja-ultrapassa-r-96-saca.aspx', 'data': '06/06/2016', 'titulo': 'SOJA/CEPEA: Valor no porto já ultrapassa R$ 96/saca', 'noticia': 'Cepea, 06/06/2016 - Os preços da soja vêm atingindo novos recordes nominais no mercado brasileiro, conforme indicam dados do Cepea. O Indicador da soja Paranaguá (PR) ESALQ/BM&FBovespa, referente ao grão depositado no corredor de exportação e/ou negociado na modalidade spot (pronta entrega), teve alta expressiva de 6,23% entre 27 de maio e 3 de junho, fechando a R$ 96,26/saca de 60 kg na sexta-feira, 3. Esse valor é recorde da série do Cepea, em termos nominais. Em termos reais, o Indicador é o maior desde 24 de setembro de 2012, quando fechou a R$ 98,05 (valor atualizado pelo IGP-DI de abril/16). Segundo pesquisadores do Cepea, a firme demanda mundial por soja e derivados tem impulsionado os valores internos. A forte quebra na produção da Argentina e o menor processamento do grão naquele país deslocaram compradores de soja para os Estados Unidos e para o Brasil. ', 'data_hora': '2016-06-06', 'Unnamed: 0': 4994, 'qtde_palavras_soja': 4.0}"                                                                                                                                                                                                                                                                                                                                                                                                                                                                                                                                                                                                                                                                                                                                                                                                                                                                                                                                                                                                                                                                                                                                                                                                                                                               ,{}   ,2023-04-21 01:03:00.213759+00:00 ,2023-04-22 16:55:40.320619+00:00 ,      44 ,                1 ,                    0 ,                0 ,            0 ,                       0 ,                        ,      1 ,         3 ,[]              ,112 ,           3 ,"[{'id': 'O0NwXC71qa', 'type': 'choices', 'value': {'choices': ['Positiva']}, 'origin': 'manual', 'to_name': 'text', 'from_name': 'sentiment'}]"       ,False         ,False        ,2023-04-22T16:55:06.419755Z ,2023-04-22T16:55:38.970971Z , 173.542              ,{}         ,           0 ,ea46ef6d-bf34-41cb-a2c7-8c228a6b2086 ,            ,  44 ,      1 ,         3 ,                  ,                  ,
 23 ,  45 ,0a93ad42-noticias_cepea_soja.csv ,[]                                                                                                                                                                                                                                                                                                                                                                                                                                                                        ,[]          ,"{'ano': 2017.0, 'mes': 11.0, 'url': 'https://www.cepea.esalq.usp.br/br/diarias-de-mercado/soja-cepea-precos-do-grao-e-do-farelo-atingem-maior-patamar-desde-julho.aspx', 'data': '6/11/2017', 'titulo': 'SOJA/CEPEA: Preços do grão e do farelo atingem maior patamar desde julho', 'noticia': 'Cepea, 6/11/2017 – Em outubro, os valores da soja em grão e do farelo alcançaram os maiores patamares dos últimos três meses; para o óleo, o preço foi o maior dos últimos nove meses. Segundo pesquisadores do Cepea, as valorizações do complexo da soja estão atreladas à firme demanda externa e à retração de produtores da comercialização de grandes lotes, visto que as ofertas para entrega em 2018 têm preços mais elevados. Além disso, as cotações foram impulsionadas pela valorização do dólar, que teve média de R$ 3,1950 em outubro, a maior desde julho deste ano, em termos nominais. Neste cenário, a média do Indicador da soja ESALQ/BM&FBovespa Paranaguá registrou alta de 1,5% entre setembro e outubro, a R$ 71,47/saca de 60 kg no mês passado, a maior desde julho, em termos reais (IGP-DI set/17). O Indicador CEPEA/ESALQ Paraná avançou 2,3% na mesma comparação, com média de R$ 66,48/sc no mês passado, também a maior dos últimos três meses. Quanto ao farelo, na média das regiões acompanhadas pelo Cepea, os preços subiram fortes 5,2% entre setembro e outubro. Em 21 das 35 regiões acompanhadas pelo Cepea, a média de outubro foi a maior dos últimos três meses, em termos nominais. Quanto ao óleo de soja, os preços são os maiores desde janeiro, em termos reais, com média de R$ 2,753,19/tonelada (posto na cidade de São Paulo com 12% de ICMS) em outubro. ', 'data_hora': '2017-11-06', 'Unnamed: 0': 3503, 'qtde_palavras_soja': 4.0}"                                                                                                                                                                                                                                                                                                                                                                                                                                                                                                                                                                                                                                                                                                               ,{}   ,2023-04-21 01:03:00.213813+00:00 ,2023-04-22 16:52:21.414085+00:00 ,      45 ,                1 ,                    0 ,                0 ,            0 ,                       0 ,                        ,      1 ,         3 ,[]              ,111 ,           3 ,"[{'id': 'rkmtvlWbrb', 'type': 'choices', 'value': {'choices': ['Positiva']}, 'origin': 'manual', 'to_name': 'text', 'from_name': 'sentiment'}]"       ,False         ,False        ,2023-04-22T16:52:20.029997Z ,2023-04-22T16:52:20.030020Z , 179.806              ,{}         ,           0 ,0be99c2f-3550-4482-948e-88001bea5fb1 ,            ,  45 ,      1 ,         3 ,                  ,                  ,
 24 ,  46 ,0a93ad42-noticias_cepea_soja.csv ,[]                                                                                                                                                                                                                                                                                                                                                                                                                                                                        ,[]          ,"{'ano': 2018.0, 'mes': 3.0, 'url': 'https://www.cepea.esalq.usp.br/br/diarias-de-mercado/soja-cepea-quebra-na-ar-e-maior-demanda-elevam-cotacoes-no-brasil.aspx', 'data': '12/03/2018', 'titulo': 'SOJA/CEPEA: Quebra na AR e maior demanda elevam cotações no Brasil', 'noticia': 'Cepea, 12/03/2018 – Pesquisadores do Cepea afirmam que os valores do complexo soja estão em alta no mercado brasileiro, devido à quebra na produção argentina, à firme demanda externa pela oleaginosa nacional e à maior procura doméstica por farelo de soja. No acumulado de março, o Indicador ESALQ/BM&FBovespa da soja Paranaguá (PR) subiu 1,67%, a R$ 79,68/saca de 60 kg nessa sexta-feira, 9. No mesmo comparativo, o Indicador CEPEA/ESALQ Paraná registrou alta de 2,37%, a R$ 73,94/sc de 60 kg no dia 9. Segundo dados do USDA, a produção na Argentina está estimada em 47 milhões de toneladas, expressivos 18,7% inferior à projeção anterior e o menor volume desde a temporada 2011/12. Quanto à produção brasileira, o USDA indica 113 milhões de toneladas, apenas 0,96% abaixo da safra passada, que foi recorde. Esses números estão próximos aos da Conab (Companhia Nacional de Abastecimento), que indica produção nacional de 113,02 milhões de toneladas, 1,31% maior que a estimada em fevereiro e a segunda maior safra da história, caso se confirme. Mesmo com o aumento na produção, tanto o Departamento quanto a Companhia indicam aumento nas exportações de soja em grão, resultando em diminuição nos estoques de passagem. ', 'data_hora': '2018-03-12', 'Unnamed: 0': 3162, 'qtde_palavras_soja': 4.0}"                                                                                                                                                                                                                                                                                                                                                                                                                                                                                                                                                                                                                                                                                                                                                                                                                                                                          ,{}   ,2023-04-21 01:03:00.213854+00:00 ,2023-04-22 16:49:09.301207+00:00 ,      46 ,                1 ,                    0 ,                0 ,            0 ,                       0 ,                        ,      1 ,         3 ,[]              ,110 ,           3 ,"[{'id': '4f1fWwSBSd', 'type': 'choices', 'value': {'choices': ['Positiva']}, 'origin': 'manual', 'to_name': 'text', 'from_name': 'sentiment'}]"       ,False         ,False        ,2023-04-22T16:48:59.350221Z ,2023-04-22T16:49:07.962509Z , 191.875              ,{}         ,           0 ,ebaa3088-b6f3-4337-bc91-9464697f7f91 ,            ,  46 ,      1 ,         3 ,                  ,                  ,
 25 ,  47 ,0a93ad42-noticias_cepea_soja.csv ,[]                                                                                                                                                                                                                                                                                                                                                                                                                                                                        ,[]          ,"{'ano': '', 'mes': '', 'url': 'https://www.cepea.esalq.usp.br/br/diarias-de-mercado/soja-cepea-procura-firme-impulsiona-premios-do-grao-e-do-farelo-semeadura-comeca-no-br.aspx', 'data': '', 'titulo': 'SOJA/CEPEA: Procura firme impulsiona prêmios do grão e do farelo; semeadura começa no BR', 'noticia': 'Cepea, 20/9/2021 – Os prêmios de exportação de soja e de farelo de soja seguem em alta no mercado brasileiro, influenciados pela firme demanda externa, especialmente da China. Segundo pesquisadores do Cepea, o país asiático intensificou as importações do Brasil, devido a problemas logísticos na infraestrutura do principal canal de escoamento de grãos dos Estados Unidos (Costa do Golfo de Mississipi) causados pela recente passagem de furacão pela região. Além disso, o baixo nível do rio Paraná segue prejudicando as exportações da Argentina. Assim, para a soja em grão, os prêmios de exportação operam nos maiores patamares nominais desde novembro/18, a US$ 2,48/bushel na última semana. Para o farelo de soja, os prêmios estão nos patamares mais elevados desde agosto/14, a US$ 52,00/tonelada curta no mesmo período. Diante disso, o ', 'data_hora': '', 'Unnamed: 0': 10055, 'qtde_palavras_soja': 4.0}"                                                                                                                                                                                                                                                                                                                                                                                                                                                                                                                                                                                                                                                                                                                                                                                                                                                                                                                                                                                                                                                                                                                                                                                                                                                   ,{}   ,2023-04-21 01:03:00.213891+00:00 ,2023-04-22 16:44:59.391933+00:00 ,      47 ,                1 ,                    0 ,                0 ,            0 ,                       0 ,                        ,      1 ,         3 ,[]              ,109 ,           3 ,"[{'id': 'srNJRal7-T', 'type': 'choices', 'value': {'choices': ['Positiva']}, 'origin': 'manual', 'to_name': 'text', 'from_name': 'sentiment'}]"       ,False         ,False        ,2023-04-22T16:44:58.049763Z ,2023-04-22T16:44:58.049826Z , 191.357              ,{}         ,           0 ,76492f2e-4466-4736-a24b-93ea0f051e76 ,            ,  47 ,      1 ,         3 ,                  ,                  ,
 26 ,  49 ,0a93ad42-noticias_cepea_soja.csv ,[]                                                                                                                                                                                                                                                                                                                                                                                                                                                                        ,[]          ,"{'ano': 2016.0, 'mes': 5.0, 'url': 'https://www.cepea.esalq.usp.br/br/diarias-de-mercado/soja-cepea-cotacoes-seguem-em-alta-saca-e-negociada-acima-de-r-90-sc.aspx', 'data': '23/05/2016', 'titulo': 'SOJA/CEPEA: Cotações seguem em alta; saca é negociada acima de R$ 90/sc', 'noticia': 'Cepea, 23/05/2016 - Os preços da soja e derivados continuam em alta no mercado brasileiro. A média ponderada da soja no Paraná, refletida no Indicador CEPEA/ESALQ, subiu 2,4% em sete dias, a R$ 83,57/sc 60 kg na sexta-feira, 20. Além da firme demanda, especialmente externa, a valorização do dólar frente ao Real na última semana também impulsionou as cotações. Nos portos brasileiros, o grão chegou a ser negociado acima dos R$ 90,00/sc de 60 kg, tanto no spot quanto para entrega em fevereiro de 2017. Nos quatro primeiros meses de 2016, foram exportadas 20,89 milhões de toneladas de soja em grão, volume 60% superior ao do mesmo período de 2015, segundo a Secex. Com esse intenso ritmo de embarques, os excedentes domésticos seguem diminuindo. Segundo colaboradores do Cepea, cerca de 70% da safra brasileira 2015/16 foi comprometida, sendo que mais de 50% já havia sido comercializada antes de a colheita ser iniciada. Se considerada a produção estimada pela Conab, de 96,905 milhões de toneladas, restam menos de 30 milhões de toneladas de soja no Brasil para serem comercializadas até a chegada da nova safra, em 2017. ', 'data_hora': '2016-05-23', 'Unnamed: 0': 4422, 'qtde_palavras_soja': 4.0}"                                                                                                                                                                                                                                                                                                                                                                                                                                                                                                                                                                                                                                                                                                                                                                                                                                                                                                                                                              ,{}   ,2023-04-21 01:03:00.213965+00:00 ,2023-04-22 16:38:54.142341+00:00 ,      49 ,                1 ,                    0 ,                0 ,            0 ,                       0 ,                        ,      1 ,         3 ,[]              , 98 ,           3 ,"[{'id': 'iXUoCYbCKx', 'type': 'choices', 'value': {'choices': ['Positiva']}, 'origin': 'manual', 'to_name': 'text', 'from_name': 'sentiment'}]"       ,False         ,False        ,2023-04-22T16:38:52.786943Z ,2023-04-22T16:38:52.786989Z , 109.759              ,{}         ,           0 ,0c99ea55-2743-4400-a526-29231bf474d1 ,            ,  49 ,      1 ,         3 ,                  ,                  ,
 27 ,  50 ,0a93ad42-noticias_cepea_soja.csv ,[]                                                                                                                                                                                                                                                                                                                                                                                                                                                                        ,[]          ,"{'ano': 2023.0, 'mes': 3.0, 'url': 'https://www.cepea.esalq.usp.br/br/diarias-de-mercado/soja-cepea-com-oferta-acima-da-demanda-preco-segue-em-queda.aspx', 'data': '27/03/2023', 'titulo': 'SOJA/CEPEA: Com oferta acima da demanda, preço segue em queda', 'noticia': 'Cepea, 27/03/2023 – Os preços da soja em grão seguem em queda no mercado brasileiro. Segundo pesquisadores do Cepea, a pressão veio da oferta acima da demanda. O ritmo das vendas de soja esteve reduzido nos últimos meses, e, agora, produtores têm necessidade de fazer caixa e/ou de liberar espaços nos armazéns, elevando a disponibilidade no spot nacional. Já do lado comprador, demandantes estão cautelosos nas aquisições de novos lotes de soja. Quanto aos derivados, as desvalorizações do óleo e do farelo têm sido menos intensas em relação às verificadas para a matéria-prima, resultando em melhora na margem de indústrias. No caso do óleo de soja, o movimento de baixa foi limitado por expectativas de maior demanda para a produção de biodiesel. Fonte: Cepea (', 'data_hora': '2023-03-27', 'Unnamed: 0': 470, 'qtde_palavras_soja': 4.0}"                                                                                                                                                                                                                                                                                                                                                                                                                                                                                                                                                                                                                                                                                                                                                                                                                                                                                                                                                                                                                                                                                                                                                                                                                                                                                                                                                            ,{}   ,2023-04-21 01:03:00.214001+00:00 ,2023-04-22 15:53:00.658177+00:00 ,      50 ,                1 ,                    0 ,                0 ,            0 ,                       0 ,                        ,      1 ,         1 ,[]              , 14 ,           1 ,"[{'id': 'xFUFacTyOb', 'type': 'choices', 'value': {'choices': ['Negativa']}, 'origin': 'manual', 'to_name': 'text', 'from_name': 'sentiment'}]"       ,False         ,False        ,2023-04-22T15:52:59.320580Z ,2023-04-22T15:52:59.320597Z ,  21.874              ,{}         ,           0 ,07ebb03e-ccd5-49ce-b7f9-dc9429ee4530 ,            ,  50 ,      1 ,         1 ,                  ,                  ,
 28 ,  51 ,0a93ad42-noticias_cepea_soja.csv ,[]                                                                                                                                                                                                                                                                                                                                                                                                                                                                        ,[]          ,"{'ano': 2016.0, 'mes': 4.0, 'url': 'https://www.cepea.esalq.usp.br/br/diarias-de-mercado/soja-cepea-valores-do-grao-voltam-a-subir.aspx', 'data': '11/04/2016', 'titulo': 'SOJA/CEPEA: Valores do grão voltam a subir', 'noticia': 'Cepea, 11/04/2016 - O preço da soja em grão voltou a subir no mercado interno na última semana. Segundo pesquisadores do Cepea, a valorização do dólar frente ao Real, os maiores valores do óleo de soja e a necessidade de se completarem cargas de navios para exportação contribuíram para a alta nos preços do grão. No acumulado parcial de abril, a média ponderada da soja no Paraná, refletida no Indicador CEPEA/ESALQ, subiu 2,11%, a R$ 71,22/sc 60 kg na sexta-feira, 8. Além disso, o clima adverso em muitas regiões no período de semeio e colheita gera incertezas quanto à produção brasileira de soja. Na última semana, a Conab indicou que a produção do grão deve somar 98,9 milhões de toneladas na temporada 2015/16, queda de 2,17% em relação à estimativa anterior. Os estoques finais também foram revisados, agora estimados em 1,12 milhão de toneladas em dezembro de 2016, expressiva queda de quase 21% em relação ao relatório de março. Esse reajuste negativo também influenciou as altas nos valores internos, uma vez que o mercado estava à espera de oferta maior. ', 'data_hora': '2016-04-11', 'Unnamed: 0': 4512, 'qtde_palavras_soja': 4.0}"                                                                                                                                                                                                                                                                                                                                                                                                                                                                                                                                                                                                                                                                                                                                                                                                                                                                                                                                                                                                                                                                                 ,{}   ,2023-04-21 01:03:00.214037+00:00 ,2023-04-22 15:53:43.399635+00:00 ,      51 ,                1 ,                    0 ,                0 ,            0 ,                       0 ,                        ,      1 ,         1 ,[]              , 15 ,           1 ,"[{'id': 'V85DOohfTm', 'type': 'choices', 'value': {'choices': ['Positiva']}, 'origin': 'manual', 'to_name': 'text', 'from_name': 'sentiment'}]"       ,False         ,False        ,2023-04-22T15:53:42.049104Z ,2023-04-22T15:53:42.049124Z ,  35.738              ,{}         ,           0 ,7f794b42-9035-45f7-aa2e-e56cc73b9b65 ,            ,  51 ,      1 ,         1 ,                  ,                  ,
 29 ,  52 ,0a93ad42-noticias_cepea_soja.csv ,[]                                                                                                                                                                                                                                                                                                                                                                                                                                                                        ,[]          ,"{'ano': '', 'mes': '', 'url': 'https://www.cepea.esalq.usp.br/br/diarias-de-mercado/soja-cepea-demanda-e-preco-externo-animam-vendedores.aspx', 'data': '', 'titulo': 'SOJA/CEPEA: Demanda e preço externo animam vendedores', 'noticia': 'Cepea, 9/8/2010 - A soja continua valorizada nos mercados interno e externo, conforme pesquisas do Cepea. As cotações mais elevadas podem estimular produtores a aumentar a área na nova safra. Além disso, os baixos preços e liquidez do mercado doméstico de milho podem levar a um novo recorde de produção. De acordo com pesquisadores do Cepea, além da demanda por soja, os preços internacionais da oleaginosa também animaram vendedores na semana passada. Entre 30 de julho e 6 de agosto, o Indicador CEPEA/ESALQ (média de cinco regiões do Paraná) da soja em grão aumentou 2,25%, fechando a R$ 40,95/saca de 60 kg na sexta-feira, 6. Quanto à exportação da soja em grão, dados da Secex apontam que, em julho, os embarques somaram 4 milhões de toneladas, contra 4,04 em jun/10 e 3,4 em jul/09. ', 'data_hora': '', 'Unnamed: 0': 7726, 'qtde_palavras_soja': 4.0}"                                                                                                                                                                                                                                                                                                                                                                                                                                                                                                                                                                                                                                                                                                                                                                                                                                                                                                                                                                                                                                                                                                                                                                                                                                                                                                                                                                         ,{}   ,2023-04-21 01:03:00.214072+00:00 ,2023-04-22 15:54:54.635023+00:00 ,      52 ,                1 ,                    0 ,                0 ,            0 ,                       0 ,                        ,      1 ,         1 ,[]              , 16 ,           1 ,"[{'id': 'naaFlCWXe_', 'type': 'choices', 'value': {'choices': ['Positiva']}, 'origin': 'manual', 'to_name': 'text', 'from_name': 'sentiment'}]"       ,False         ,False        ,2023-04-22T15:54:53.309539Z ,2023-04-22T15:54:53.309556Z ,  63.827              ,{}         ,           0 ,fc1746a4-5d61-40f3-8122-8f4d99ab8e58 ,            ,  52 ,      1 ,         1 ,                  ,                  ,
 30 ,  53 ,0a93ad42-noticias_cepea_soja.csv ,[]                                                                                                                                                                                                                                                                                                                                                                                                                                                                        ,[]          ,"{'ano': 2023.0, 'mes': 4.0, 'url': 'https://www.cepea.esalq.usp.br/br/diarias-de-mercado/soja-cepea-com-menor-safra-na-argentina-queda-de-preco-e-interrompida-no-brasil.aspx', 'data': '3/04/2023', 'titulo': 'SOJA/CEPEA: Com menor safra na Argentina, queda de preço é interrompida no Brasil', 'noticia': 'Cepea, 3/04/2023 – O mercado mundial de soja está atento à colheita na América do Sul e às primeiras estimativas de intenção de plantio nos Estados Unidos. Segundo pesquisadores do Cepea, enquanto a safra brasileira segue em bom ritmo e caminha para produção recorde, na Argentina, o início da colheita fez com que as estimativas fossem novamente reajustadas para baixo. Esse contexto na Argentina acabou elevando os preços do complexo soja nos Estados Unidos e limitando o movimento de baixa no Brasil nos últimos dias. De acordo com a Bolsa de Cereais de Buenos Aires, a produção de soja na Argentina está estimada em 25 milhões de toneladas, 44,4% abaixo da média das últimas cinco safras. Pesquisadores do Cepea destacam que, assim, a necessidade de a própria Argentina importar o grão para processamento interno deve aumentar, ao mesmo tempo em que demandantes externos de farelo e de óleo tendem se direcionar ao Brasil e aos Estados Unidos. Para o Brasil, esse é um ambiente favorável em ano de oferta possivelmente recorde, ao mesmo tempo que as variações positivas de preços podem atrair mais produtores a semearem a soja nos Estados Unidos na safra 2023/24. Fonte: Cepea (', 'data_hora': '2023-04-03', 'Unnamed: 0': 485, 'qtde_palavras_soja': 4.0}"                                                                                                                                                                                                                                                                                                                                                                                                                                                                                                                                                                                                                                                                                                                                                                                                                                                                                   ,{}   ,2023-04-21 01:03:00.214109+00:00 ,2023-04-22 15:56:31.746778+00:00 ,      53 ,                1 ,                    0 ,                0 ,            0 ,                       0 ,                        ,      1 ,         1 ,[]              , 17 ,           1 ,"[{'id': 'SYxxaPDOy_', 'type': 'choices', 'value': {'choices': ['Positiva']}, 'origin': 'manual', 'to_name': 'text', 'from_name': 'sentiment'}]"       ,False         ,False        ,2023-04-22T15:56:30.400079Z ,2023-04-22T15:56:30.400115Z ,  89.475              ,{}         ,           0 ,115065b1-7660-46fc-b2fb-31fa04ce0116 ,            ,  53 ,      1 ,         1 ,                  ,                  ,
 31 ,  54 ,0a93ad42-noticias_cepea_soja.csv ,[]                                                                                                                                                                                                                                                                                                                                                                                                                                                                        ,[]          ,"{'ano': '', 'mes': '', 'url': 'https://www.cepea.esalq.usp.br/br/diarias-de-mercado/soja-cepea-procura-firme-sustenta-valores-no-br.aspx', 'data': '', 'titulo': 'SOJA/CEPEA: Procura firme sustenta valores no BR', 'noticia': 'Cepea, 6/7/2020 – Os preços da soja e derivados continuam firmes no mercado brasileiro, sustentados pelas demandas interna e externa. Segundo colaboradores do Cepea, indústrias nacionais mostram necessidade de aquisição do grão para o curto prazo, ao mesmo tempo em que novas negociações para exportação têm sido realizadas – em junho, o Brasil escoou 13,75 milhões de toneladas da oleaginosa, um recorde para o mês, conforme dados da Secex. Entre 26 de junho e 3 de julho, o\xa0Indicador ESALQ/BM&FBovespa da soja Paranaguá (PR) manteve-se praticamente estável (-0,05%), fechando a R$ 114,93/saca de 60 kg. Já o CEPEA/ESALQ Paraná subiu ligeiro 0,85%, para R$ 109,19/saca de 60 kg na sexta-feira, 3. De maio para junho, a média do Indicador Paranaguá cedeu 0,6%, enquanto a do Indicador Paraná registrou ligeiro aumento de 0,1%. O recuo do dólar no decorrer de junho limitou as valorizações do grão – de maio para junho, a média mensal da moeda norte-americana recuou expressivos 7,8%. Quanto aos derivados, os valores subiram no mercado brasileiro nos últimos dias. Além da alta no custo da matéria-prima, a demanda segue aquecida, especialmente por óleo de soja. A oferta desse derivado está baixa no Brasil, e indústrias de biodiesel estão demandando novos lotes para recebimento em curto prazo. Quanto ao farelo de soja, a procura voltou a se aquecer. No entanto, a média de junho foi 0,5% inferior à de maio. Neste caso, ressalta-se que compradores se abasteceram logo no início do mês, limitando o movimento de alta no restante do período. Fonte: Cepea – www.cepea.esalq.usp.br', 'data_hora': '', 'Unnamed: 0': 881, 'qtde_palavras_soja': 4.0}"                                                                                                                                                                                                                                                                                                                                                                                                                                                                                                                                                          ,{}   ,2023-04-21 01:03:00.214146+00:00 ,2023-04-22 15:57:42.947888+00:00 ,      54 ,                1 ,                    0 ,                0 ,            0 ,                       0 ,                        ,      1 ,         1 ,[]              , 18 ,           1 ,"[{'id': 'z2s5UKY_lI', 'type': 'choices', 'value': {'choices': ['Positiva']}, 'origin': 'manual', 'to_name': 'text', 'from_name': 'sentiment'}]"       ,False         ,False        ,2023-04-22T15:57:41.597886Z ,2023-04-22T15:57:41.597906Z ,  64.553              ,{}         ,           0 ,ac9e141b-7eaa-4f20-8aca-aae57213c7d1 ,            ,  54 ,      1 ,         1 ,                  ,                  ,
 32 ,  55 ,0a93ad42-noticias_cepea_soja.csv ,[]                                                                                                                                                                                                                                                                                                                                                                                                                                                                        ,[]          ,"{'ano': 2015.0, 'mes': 2.0, 'url': 'https://www.cepea.esalq.usp.br/br/diarias-de-mercado/soja-cepea-indicadores-recuam-em-janeiro.aspx', 'data': '02/02/2015', 'titulo': 'SOJA/CEPEA: Indicadores recuam em janeiro', 'noticia': 'Cepea, 02/02/2015 - Com o avanço da colheita de soja no Brasil, a disponibilidade de produto nos armazéns vem aumentando, de acordo com informações do Cepea. No entanto, a liquidez está bastante baixa, diante da retração vendedora em face das quedas dos preços. Compradores, por outro lado, esperam valores ainda menores e aguardam o recebimento do produto já negociado. Neste cenário, os preços da soja continuam em queda. A média ponderada da soja no estado do Paraná, refletida no Indicador CEPEA/ESALQ, teve queda de 7,2% em janeiro, indo para R$ 57,58/sc de 60 kg na sexta-feira, 30 - aumentos pontuais foram verificados no final do mês. O Indicador da soja Paranaguá ESALQ/BM&FBovespa, que é baseado em negócios realizados na modalidade spot, referentes ao grão depositado no corredor de exportação de Paranaguá, recuou 0,23% no mês, a R$ 61,03/sc de 60 kg. Este Indicador foi arbitrado em boa parte de janeiro, devido à baixa movimentação em Paranaguá. ', 'data_hora': '2015-02-02', 'Unnamed: 0': 5309, 'qtde_palavras_soja': 4.0}"                                                                                                                                                                                                                                                                                                                                                                                                                                                                                                                                                                                                                                                                                                                                                                                                                                                                                                                                                                                                                                                                                                                                                                                              ,{}   ,2023-04-21 01:03:00.214183+00:00 ,2023-04-22 15:58:14.488487+00:00 ,      55 ,                1 ,                    0 ,                0 ,            0 ,                       0 ,                        ,      1 ,         1 ,[]              , 19 ,           1 ,"[{'id': 'wCxdrmiPVV', 'type': 'choices', 'value': {'choices': ['Negativa']}, 'origin': 'manual', 'to_name': 'text', 'from_name': 'sentiment'}]"       ,False         ,False        ,2023-04-22T15:58:13.116546Z ,2023-04-22T15:58:13.116563Z ,  24.435              ,{}         ,           0 ,4873d255-f6a8-404e-a409-25b210a318f7 ,            ,  55 ,      1 ,         1 ,                  ,                  ,
 33 ,  56 ,0a93ad42-noticias_cepea_soja.csv ,[]                                                                                                                                                                                                                                                                                                                                                                                                                                                                        ,[]          ,"{'ano': '', 'mes': '', 'url': 'https://www.cepea.esalq.usp.br/br/diarias-de-mercado/soja-cepea-exportacao-de-farelo-de-soja-e-a-maior-em-17-anos.aspx', 'data': '', 'titulo': 'SOJA/CEPEA: Exportação de farelo de soja é a maior em 17 anos', 'noticia': 'Cepea, 9/8/2021 – A demanda externa pelo farelo de soja brasileiro voltou a se aquecer, levando as exportações nacionais a atingirem, em julho, o maior volume desde 2004. Esse cenário resultou em aumento nos prêmios de exportação, diminuição da oferta de grandes lotes por parte das indústrias no spot nacional e avanço nos preços internos do farelo. Segundo dados da Secex, em julho, o Brasil exportou 1,987 milhão de toneladas do derivado, a maior quantidade desde junho de 2004, quando as vendas externas somaram mais de dois milhões de toneladas. Já os preços do óleo de soja voltaram a ceder nos últimos dias. Segundo pesquisadores do Cepea, embora a demanda doméstica para a produção de biodiesel siga aquecida, as indústrias de alimentos estão cautelosas nas aquisições, aguardando preços menores. Além disso, a demanda externa também se enfraqueceu. Para a soja em grão, os valores apresentaram comportamentos distintos durante a última semana. Os baixos estoques da safra 20/21, a valorização do dólar frente ao Real e a elevação dos prêmios resultaram em altas nos preços em alguns dias. Por outro lado, atentos ao bom andamento das lavouras norte-americanas, parte dos produtores elevou a oferta de soja no spot nacional, aumentando a liquidez, especialmente para exportação, e pressionando os valores em alguns momentos. Fonte: Cepea (', 'data_hora': '', 'Unnamed: 0': 518, 'qtde_palavras_soja': 4.0}"                                                                                                                                                                                                                                                                                                                                                                                                                                                                                                                                                                                                                                                                                                                                                                             ,{}   ,2023-04-21 01:03:00.214220+00:00 ,2023-04-22 15:59:49.009807+00:00 ,      56 ,                1 ,                    0 ,                0 ,            0 ,                       0 ,                        ,      1 ,         1 ,[]              , 20 ,           1 ,"[{'id': 'VI1gGvDblY', 'type': 'choices', 'value': {'choices': ['Neutra']}, 'origin': 'manual', 'to_name': 'text', 'from_name': 'sentiment'}]"         ,False         ,False        ,2023-04-22T15:59:47.646427Z ,2023-04-22T15:59:47.646445Z ,  87.732              ,{}         ,           0 ,1d16aa50-a67f-4381-8d64-c4c512dabd5c ,            ,  56 ,      1 ,         1 ,                  ,                  ,
 34 ,  57 ,0a93ad42-noticias_cepea_soja.csv ,[]                                                                                                                                                                                                                                                                                                                                                                                                                                                                        ,[]          ,"{'ano': 2015.0, 'mes': 3.0, 'url': 'https://www.cepea.esalq.usp.br/br/diarias-de-mercado/soja-cepea-cambio-e-dificuldades-no-spot-elevam-negociacoes-para-2016.aspx', 'data': '09/03/2015', 'titulo': 'SOJA/CEPEA: Câmbio e dificuldades no spot elevam negociações para 2016', 'noticia': 'Cepea, 09/03/2015 - Em fevereiro, como esperado, as exportações de soja aumentaram em relação a janeiro. Porém, segundo colaboradores do Cepea, como o cultivo da soja teve algum atraso e a colheita também tem sido prejudicada pelas chuvas, o volume disponível foi menor que o de um ano atrás. Além disso, a paralisação dos caminhoneiros nas últimas semanas gerou filas de navios à espera de produto para completar cargas. Diante desta dificuldade para realizar negociações no mercado spot e também com a forte valorização do dólar, muitas empresas já iniciaram as negociações para 2016. Além disso, os preços dos derivados em alta favoreceram o processamento interno e os embarques de óleo e farelo, em detrimento do grão. Quanto aos preços domésticos, o Indicador da soja Paranaguá ESALQ/BM&FBovespa, que é baseado em negócios realizados na modalidade spot, referentes ao grão depositado no corredor de exportação de Paranaguá, ficou estável em relação à sexta-feira anterior, a R$ 65,84/sc de 60 kg no dia 06. A média ponderada da soja no estado do Paraná, refletida no Indicador CEPEA/ESALQ, avançou 0,93% em sete dias, a R$ 62,45/sc na sexta, 06. ', 'data_hora': '2015-03-09', 'Unnamed: 0': 5300, 'qtde_palavras_soja': 4.0}"                                                                                                                                                                                                                                                                                                                                                                                                                                                                                                                                                                                                                                                                                                                                                                                                                                                                                                                                     ,{}   ,2023-04-21 01:03:00.214257+00:00 ,2023-04-22 16:00:54.901507+00:00 ,      57 ,                1 ,                    0 ,                0 ,            0 ,                       0 ,                        ,      1 ,         1 ,[]              , 21 ,           1 ,"[{'id': 'u_rkWKu_mh', 'type': 'choices', 'value': {'choices': ['Negativa']}, 'origin': 'manual', 'to_name': 'text', 'from_name': 'sentiment'}]"       ,False         ,False        ,2023-04-22T16:00:53.560470Z ,2023-04-22T16:00:53.560487Z ,  59.234              ,{}         ,           0 ,242a1756-d964-4ccc-a4ae-4950705881fe ,            ,  57 ,      1 ,         1 ,                  ,                  ,
 35 ,  58 ,0a93ad42-noticias_cepea_soja.csv ,[]                                                                                                                                                                                                                                                                                                                                                                                                                                                                        ,[]          ,"{'ano': '', 'mes': '', 'url': 'https://www.cepea.esalq.usp.br/br/diarias-de-mercado/soja-cepea-procura-comeca-a-aumentar-e-precos-sobem-no-br.aspx', 'data': '', 'titulo': 'SOJA/CEPEA: Procura começa a aumentar e preços sobem no BR', 'noticia': 'Cepea, 18/2/2019 – A valorização do dólar frente ao Real no acumulado de fevereiro atraiu compradores de soja para o Brasil. No entanto, as negociações foram limitadas pelo baixo interesse de venda por parte de produtores, que estão com as atenções voltadas aos trabalhos de campo e às entregas de contratos. Além dos compradores externos, algumas indústrias brasileiras já sinalizam necessidade de adquirir novos lotes de soja para abastecer os estoques. Esse cenário impulsionou os prêmios de soja no Brasil, que, por sua vez, influenciaram as altas nos preços do grão no mercado doméstico. Entre 31 de janeiro e 15 de fevereiro, o Indicador ESALQ/BM&FBovespa da soja Paranaguá (PR) subiu 1%, indo para R$ 77,83/sc de 60 kg na sexta-feira, 15. No mesmo comparativo, o Indicador CEPEA/ESALQ Paraná teve alta de 0,5%, a R$ 72,62/sc de 60 kg. A moeda norte-americana se valorizou 1,45% no mesmo período, a R$ 3,704 na sexta. A alta nos preços do grão, no entanto, foi limitada pela baixa demanda por derivados. Alguns avicultores e suinocultores têm reduzido as aquisições do farelo, e fábricas de ração sinalizam diminuição nas vendas. No mercado interno, a retração de produtores continua atrelada às incertezas quanto ao volume a ser colhido nesta safra (2018/19), devido ao clima desfavorável no período crítico de desenvolvimento dos grãos. Fonte: Cepea – ', 'data_hora': '', 'Unnamed: 0': 3033, 'qtde_palavras_soja': 4.0}"                                                                                                                                                                                                                                                                                                                                                                                                                                                                                                                                                                                                                                                                                                                                                                     ,{}   ,2023-04-21 01:03:00.214294+00:00 ,2023-04-22 16:01:17.944577+00:00 ,      58 ,                1 ,                    0 ,                0 ,            0 ,                       0 ,                        ,      1 ,         1 ,[]              , 22 ,           1 ,"[{'id': 'JIpmytZkhr', 'type': 'choices', 'value': {'choices': ['Positiva']}, 'origin': 'manual', 'to_name': 'text', 'from_name': 'sentiment'}]"       ,False         ,False        ,2023-04-22T16:01:16.572035Z ,2023-04-22T16:01:16.572052Z ,  14.735              ,{}         ,           0 ,65ac6546-42b0-4acb-a695-34be0bfcb4c4 ,            ,  58 ,      1 ,         1 ,                  ,                  ,
 36 ,  59 ,0a93ad42-noticias_cepea_soja.csv ,[]                                                                                                                                                                                                                                                                                                                                                                                                                                                                        ,[]          ,"{'ano': 2015.0, 'mes': 6.0, 'url': 'https://www.cepea.esalq.usp.br/br/diarias-de-mercado/soja-cepea-precos-estao-firmes-exportacao-surpreende.aspx', 'data': '8/06/2015', 'titulo': 'SOJA/CEPEA: Preços estão firmes; exportação surpreende', 'noticia': 'Cepea, 8/06/2015 - Os preços da soja em grão estão firmes neste início de junho. Na sexta-feira, 5, o Indicador da soja Paranaguá ESALQ/BM&FBovespa, na modalidade spot (pronta entrega), referente ao grão depositado no corredor de exportação, foi de R$ 67,98/sc de 60 kg, ligeiro aumento de 0,12% na parcial de junho. A média ponderada da soja no Paraná, refletida no Indicador CEPEA/ESALQ, avançou 0,73% na parcial do mês, a R$ 63,42/sc na sexta-feira. Quanto às exportações de soja, em maio, surpreenderam agentes ao atingir o maior volume já embarcado em um único mês. Segundo pesquisadores do Cepe, a crise política na Argentina e a forte desvalorização do Real frente ao dólar em maio foram os principais estímulos à demanda pelo grão brasileiro. Diante de tal ritmo de exportação, produtores, não satisfeitos com os preços, restringiram as vendas no spot e começaram a se focar nas compras de sementes, defensivos e fertilizantes para a temporada 2015/16. A divulgação do Plano Safra também contribuiu para o aquecimento das compras de insumos. O governo federal anunciou R$ 187,7 bilhões para os produtores rurais, mas com taxas de juros maiores que as do ano passado. ', 'data_hora': '2015-06-08', 'Unnamed: 0': 5095, 'qtde_palavras_soja': 4.0}"                                                                                                                                                                                                                                                                                                                                                                                                                                                                                                                                                                                                                                                                                                                                                                                                                                                                                                                                               ,{}   ,2023-04-21 01:03:00.214330+00:00 ,2023-04-22 16:01:35.825451+00:00 ,      59 ,                1 ,                    0 ,                0 ,            0 ,                       0 ,                        ,      1 ,         1 ,[]              , 23 ,           1 ,"[{'id': 'opACOx3RKT', 'type': 'choices', 'value': {'choices': ['Positiva']}, 'origin': 'manual', 'to_name': 'text', 'from_name': 'sentiment'}]"       ,False         ,False        ,2023-04-22T16:01:34.486119Z ,2023-04-22T16:01:34.486136Z ,   7.325              ,{}         ,           0 ,8bec5ec9-c331-4bfc-8efc-e4557bc8b95e ,            ,  59 ,      1 ,         1 ,                  ,                  ,
 37 ,  60 ,0a93ad42-noticias_cepea_soja.csv ,[]                                                                                                                                                                                                                                                                                                                                                                                                                                                                        ,[]          ,"{'ano': 2018.0, 'mes': 7.0, 'url': 'https://www.cepea.esalq.usp.br/br/diarias-de-mercado/soja-cepea-consumo-chines-deve-recuar-mas-outros-paises-podem-aumentar-compras.aspx', 'data': '16/07/2018', 'titulo': 'SOJA/CEPEA: Consumo chinês deve recuar, mas outros países podem aumentar compras', 'noticia': 'Cepea, 16/07/2018 – A demanda mundial por soja está crescente, segundo afirmam pesquisadores do Cepea. Embora a China tenha anunciado possível redução nas importações de soja na temporada 2017/18 (o USDA indicou recuos de 7,77% frente ao estimado em junho e de 2,06% na comparação com o volume importado na safra passada), outros países tendem a elevar as importações. Assim, o Brasil pode continuar na liderança das exportações globais da oleaginosa. A maior demanda, por sua vez, elevou os prêmios de soja, sustentando os preços da soja no mercado brasileiro, conforme apontam dados do Cepea. Com a valorização do grão, indústrias brasileiras relatam dificuldades nas aquisições, limitando o volume de esmagamento. Consequentemente, houve redução na oferta dos derivados, em um cenário de dificuldade na transação de produtos de um estado para o outro, visto que ainda não foi definida a tabela de frete mínimo. ', 'data_hora': '2018-07-16', 'Unnamed: 0': 1482, 'qtde_palavras_soja': 4.0}"                                                                                                                                                                                                                                                                                                                                                                                                                                                                                                                                                                                                                                                                                                                                                                                                                                                                                                                                                                                                                                                                                                                                                               ,{}   ,2023-04-21 01:03:00.214367+00:00 ,2023-04-22 16:01:48.643299+00:00 ,      60 ,                1 ,                    0 ,                0 ,            0 ,                       0 ,                        ,      1 ,         1 ,[]              , 24 ,           1 ,"[{'id': 'L70WaKc9e9', 'type': 'choices', 'value': {'choices': ['Positiva']}, 'origin': 'manual', 'to_name': 'text', 'from_name': 'sentiment'}]"       ,False         ,False        ,2023-04-22T16:01:47.222873Z ,2023-04-22T16:01:47.222906Z ,   6.055              ,{}         ,           0 ,78f5babd-373c-4252-91f6-64fece796895 ,            ,  60 ,      1 ,         1 ,                  ,                  ,
 38 ,  61 ,0a93ad42-noticias_cepea_soja.csv ,[]                                                                                                                                                                                                                                                                                                                                                                                                                                                                        ,[]          ,"{'ano': 2017.0, 'mes': 1.0, 'url': 'https://www.cepea.esalq.usp.br/br/diarias-de-mercado/soja-cepea-chuvas-e-maior-demanda-impulsionam-cotacoes.aspx', 'data': '23/01/2017', 'titulo': 'SOJA/CEPEA: Chuvas e maior demanda impulsionam cotações', 'noticia': 'Cepea, 23/01/2017 – Os preços internos e externos da soja subiram na última semana, impulsionados pelo maior interesse comprador e por incertezas quanto ao impacto das chuvas na América do Sul, especialmente na Argentina – o que levou à valorização do farelo de soja. Entre 13 e 20 de janeiro a média ponderada dos valores da soja no Paraná, refletida no Indicador CEPEA/ESALQ, subiu 3%, indo para R$ 73,65/saca de 60 kg na sexta-feira, 20. O Indicador da soja Paranaguá ESALQ/BM&FBovespa, referente ao grão depositado no corredor de exportação e negociado na modalidade spot (pronta entrega), no porto de Paranaguá (PR), foi para R$ 78,59/sc de 60 kg, expressivo aumento de 3,1% em sete dias. No Brasil, conforme colaboradores do Cepea, as precipitações interromperam a colheita, impossibilitando alguns produtores de entregar lotes comprometidos com exportação. Assim, compradores estiveram mais ativos, visando principalmente completar cargas de navios programados para embarcar a oleaginosa. ', 'data_hora': '2017-01-23', 'Unnamed: 0': 3997, 'qtde_palavras_soja': 4.0}"                                                                                                                                                                                                                                                                                                                                                                                                                                                                                                                                                                                                                                                                                                                                                                                                                                                                                                                                                                                                                                                                                                                              ,{}   ,2023-04-21 01:03:00.214403+00:00 ,2023-04-22 16:02:09.678935+00:00 ,      61 ,                1 ,                    0 ,                0 ,            0 ,                       0 ,                        ,      1 ,         1 ,[]              , 25 ,           1 ,"[{'id': 'HyUXoiB9J4', 'type': 'choices', 'value': {'choices': ['Positiva']}, 'origin': 'manual', 'to_name': 'text', 'from_name': 'sentiment'}]"       ,False         ,False        ,2023-04-22T16:02:08.343094Z ,2023-04-22T16:02:08.343112Z ,  14.751              ,{}         ,           0 ,95738b80-ab25-4a8d-820a-a1d435861803 ,            ,  61 ,      1 ,         1 ,                  ,                  ,
 39 ,  62 ,0a93ad42-noticias_cepea_soja.csv ,[]                                                                                                                                                                                                                                                                                                                                                                                                                                                                        ,[]          ,"{'ano': 2014.0, 'mes': 9.0, 'url': 'https://www.cepea.esalq.usp.br/br/diarias-de-mercado/soja-cepea-negocios-no-brasil-sao-apenas-pontuais.aspx', 'data': '01/09/2014', 'titulo': 'SOJA/CEPEA: Negócios no Brasil são apenas pontuais', 'noticia': 'Cepea, 01/09/2014 - Especulações sobre o aparecimento de doenças em lavouras de Illinois, importante estado produtor de soja nos Estados Unidos, têm feito com que sojicultores brasileiros se retraiam ainda mais para novas comercializações domésticas, na expectativa de que este fator possa alterar o cenário nos meses posteriores. Com isso, os registros de negócios realizados no Brasil são apenas isolados, com preços nominais. O Indicador da soja Paranaguá ESALQ/BM&FBovespa, que é baseado em negócios realizados, foi de R$ 67,43/sc de 60 kg na sexta-feira, 29, estável frente à sexta anterior. Ao ser convertido para dólar (moeda prevista nos contratos futuros da BM&FBovespa), o Indicador foi de US$ 30,08/sc de 60 kg, alta de 1,7% no mesmo período. Segundo pesquisadores do Cepea, na intenção de comercializar a soja num período em que, possivelmente, os estoques brasileiros estarão baixos, produtores de Mato Grosso e Paraná têm pretensão de iniciar o plantio logo após o término do período de vazio sanitário, o que ocorrerá em menos de 20 dias. Iniciando o quanto antes o cultivo, o produtor pode começar a colher a soja logo na segunda quinzena de janeiro, período em que, geralmente há escassez do grão no Brasil. ', 'data_hora': '2014-09-01', 'Unnamed: 0': 5585, 'qtde_palavras_soja': 4.0}"                                                                                                                                                                                                                                                                                                                                                                                                                                                                                                                                                                                                                                                                                                                                                                                                                                                                                                   ,{}   ,2023-04-21 01:03:00.214440+00:00 ,2023-04-22 16:02:31.336664+00:00 ,      62 ,                1 ,                    0 ,                0 ,            0 ,                       0 ,                        ,      1 ,         1 ,[]              , 27 ,           1 ,"[{'id': 'HAvol2TUSr', 'type': 'choices', 'value': {'choices': ['Neutra']}, 'origin': 'manual', 'to_name': 'text', 'from_name': 'sentiment'}]"         ,False         ,False        ,2023-04-22T16:02:29.980338Z ,2023-04-22T16:02:29.980356Z ,  15.188              ,{}         ,           0 ,f2f414f6-fb83-4820-aebc-4a6a1fae1974 ,            ,  62 ,      1 ,         1 ,                  ,                  ,
 40 ,  63 ,0a93ad42-noticias_cepea_soja.csv ,[]                                                                                                                                                                                                                                                                                                                                                                                                                                                                        ,[]          ,"{'ano': 2023.0, 'mes': 3.0, 'url': 'https://www.cepea.esalq.usp.br/br/diarias-de-mercado/soja-cepea-preco-do-grao-continua-em-queda-mas-os-dos-derivados-sobem.aspx', 'data': '13/03/2023', 'titulo': 'SOJA/CEPEA: Preço do grão continua em queda, mas os dos derivados sobem', 'noticia': 'Cepea, 13/03/2023 – Mesmo com os preços da soja em grão em queda, as cotações do farelo e do óleo de soja voltaram a subir no mercado doméstico. Segundo pesquisadores do Cepea, a valorização dos derivados está atrelada à menor oferta na Argentina – principal abastecedora global de derivados de soja – e às expectativas de maior demanda, sobretudo externa, pelos derivados brasileiros. A produção de soja na Argentina foi projetada neste mês pelo USDA em 33 milhões de toneladas, a menor desde 2008/09. Essa retração se deve às altas temperaturas e ao ', 'data_hora': '2023-03-13', 'Unnamed: 0': 6304, 'qtde_palavras_soja': 4.0}"                                                                                                                                                                                                                                                                                                                                                                                                                                                                                                                                                                                                                                                                                                                                                                                                                                                                                                                                                                                                                                                                                                                                                                                                                                                                                                                                                                                                                                                                                                                                                           ,{}   ,2023-04-21 01:03:00.214477+00:00 ,2023-04-22 16:02:50.096248+00:00 ,      63 ,                1 ,                    0 ,                0 ,            0 ,                       0 ,                        ,      1 ,         1 ,[]              , 28 ,           1 ,"[{'id': 'a2H6HOZAdE', 'type': 'choices', 'value': {'choices': ['Desclassificar']}, 'origin': 'manual', 'to_name': 'text', 'from_name': 'sentiment'}]" ,False         ,False        ,2023-04-22T16:02:48.728389Z ,2023-04-22T16:02:48.728425Z ,  12.139              ,{}         ,           0 ,a60bd797-0d33-4452-aaed-a25e893b57fb ,            ,  63 ,      1 ,         1 ,                  ,                  ,
 41 ,  64 ,0a93ad42-noticias_cepea_soja.csv ,[]                                                                                                                                                                                                                                                                                                                                                                                                                                                                        ,[]          ,"{'ano': 2014.0, 'mes': 10.0, 'url': 'https://www.cepea.esalq.usp.br/br/diarias-de-mercado/soja-cepea-agentes-estao-atentos-ao-clima-no-br-e-nos-eua.aspx', 'data': '13/10/2014', 'titulo': 'SOJA/CEPEA: Agentes estão atentos ao clima no BR e nos EUA', 'noticia': 'Cepea, 13/10/2014 - Enquanto em algumas regiões brasileiras produtores estão à espera de maior volume de chuva para começar e/ou intensificar o plantio da soja, nos Estados Unidos, é o excesso de precipitação que tem interrompido a colheita do grão. Apesar disso, a expectativa ainda é de recordes de área e de produção nesta temporada norte-americana. Segundo pesquisadores do Cepea, no Brasil, apenas nas praças do Sul que a umidade está propícia ao semeio da soja de verão. No extremo oeste do Paraná, primeira região brasileira a iniciar os trabalhos de campo, o plantio da soja está bem adiantado. Em Santa Catarina e no Rio Grande do Sul, as chuvas que ocorreram recentemente também animaram produtores, que já devem iniciar os trabalhos de campo na segunda quinzena deste mês. No Centro-Oeste do País, as precipitações em meados de setembro até possibilitaram o início do semeio da oleaginosa. No entanto, nos últimos dias, produtores reduziram e outros até mesmo pararam os trabalhos de campo, devido à baixa umidade do solo. No Sudeste do Brasil, o baixo volume de chuva também preocupa. Especificamente em São Paulo, produtores pretendem intensificar o plantio na última semana de outubro, enquanto que, em Minas Gerais, ainda não há previsões de chuvas, o que pode atrasar ainda mais o semeio do grão. No geral, as expectativas são de chuvas mais intensas a partir de meados de outubro em praticamente todo o Brasil - com exceção de Minas Gerais. Neste contexto de incertezas e de preocupações quanto às condições climáticas, pesquisadores do Cepea comentam que a comercialização da soja segue pontual no físico brasileiro e praticamente não há fechamentos para o mercado externo. ', 'data_hora': '2014-10-13', 'Unnamed: 0': 5627, 'qtde_palavras_soja': 4.0}"                                                                                                                                                                                                                                                                                                                                                                                               ,{}   ,2023-04-21 01:03:00.214517+00:00 ,2023-04-22 16:03:04.159683+00:00 ,      64 ,                1 ,                    0 ,                0 ,            0 ,                       0 ,                        ,      1 ,         1 ,[]              , 29 ,           1 ,"[{'id': 'JA-9Rt6v7q', 'type': 'choices', 'value': {'choices': ['Neutra']}, 'origin': 'manual', 'to_name': 'text', 'from_name': 'sentiment'}]"         ,False         ,False        ,2023-04-22T16:03:02.807486Z ,2023-04-22T16:03:02.807505Z ,   7.475              ,{}         ,           0 ,d02cb4ae-043e-4ab5-ba4a-9ce828488dc0 ,            ,  64 ,      1 ,         1 ,                  ,                  ,
 42 ,  65 ,0a93ad42-noticias_cepea_soja.csv ,[]                                                                                                                                                                                                                                                                                                                                                                                                                                                                        ,[]          ,"{'ano': 2013.0, 'mes': 1.0, 'url': 'https://www.cepea.esalq.usp.br/br/diarias-de-mercado/soja-cepea-quebra-da-safra-marca-2012-com-precos-recordes.aspx', 'data': '02/01/2013', 'titulo': 'SOJA/CEPEA: Quebra da safra marca 2012 com preços recordes', 'noticia': 'Cepea, 02/01/2013 - No início de 2012, produtores de soja já temiam significativa quebra na produção diante da forte estiagem que castigou as lavouras da América do Sul nos principais períodos de desenvolvimento do grão - decorrência do fenômeno La Niña. Com isso, no final do primeiro trimestre, pico de colheita no Brasil, os valores da soja nos mercados interno e externo já caminhavam para patamares recordes, comportamento atípico para o período, segundo pesquisadores do Cepea. No final do primeiro semestre, os estoques já estavam baixos no Brasil e a demanda, aquecida. Enquanto esse cenário favorecia vendedores brasileiros, consumidores internos, como indústrias esmagadoras, no final de junho especificamente já começaram a procurar por soja em países vizinhos. No início do segundo semestre, produtores intensificaram o fechamento das compras de insumos para a temporada 2012/13; no Centro-Oeste, essas aquisições já estavam em fase final, assim como a comercialização antecipada desta safra. Traders e indústrias ainda precisavam de soja para cumprir contratos, e vendedores pediam preços sucessivamente maiores, que acabavam sendo pagos. O Indicador ESALQ/BM&FBovespa (produto transferido para armazéns do porto de Paranaguá) registrou valorização de 53% no ano, porém, desde 25 de setembro, o valor do Indicador não tem mudado devido à falta de negociações - a metodologia do Indicador prevê que seja considerada a média das últimas negociações, as quais ocorreram até o dia 25 de setembro de 2012. Ao ser convertido para dólar (moeda prevista nos contratos futuros da BM&FBovespa), o Indicador subiu 39,9% no ano. Quanto à média ponderada das regiões paranaenses, refletida no Indicador CEPEA/ESALQ, subiu significativos 52,2% em 2012. ', 'data_hora': '2013-01-02', 'Unnamed: 0': 6501, 'qtde_palavras_soja': 4.0}"                                                                                                                                                                                                                                                                                                                                    ,{}   ,2023-04-21 01:03:00.214555+00:00 ,2023-04-22 16:03:53.650703+00:00 ,      65 ,                1 ,                    0 ,                0 ,            0 ,                       0 ,                        ,      1 ,         1 ,[]              , 30 ,           1 ,"[{'id': '_UbG3dX4f8', 'type': 'choices', 'value': {'choices': ['Negativa']}, 'origin': 'manual', 'to_name': 'text', 'from_name': 'sentiment'}]"       ,False         ,False        ,2023-04-22T16:03:52.314238Z ,2023-04-22T16:03:52.314259Z ,   7.265              ,{}         ,           0 ,ef1e29a6-38bb-4504-b436-5b7e01ea0e6c ,            ,  65 ,      1 ,         1 ,                  ,                  ,
 43 ,  66 ,0a93ad42-noticias_cepea_soja.csv ,[]                                                                                                                                                                                                                                                                                                                                                                                                                                                                        ,[]          ,"{'ano': 2016.0, 'mes': 11.0, 'url': 'https://www.cepea.esalq.usp.br/br/diarias-de-mercado/soja-cepea-alta-do-dolar-e-chuvas-na-argentina-favorecem-vendas-brasileiras.aspx', 'data': '14/11/2016', 'titulo': 'SOJA/CEPEA: Alta do dólar e chuvas na Argentina favorecem vendas brasileiras', 'noticia': 'Cepea, 14/11/2016 – As frequentes chuvas em regiões produtoras de soja na Argentina vêm deixando produtores daquele país atentos quanto a um possível atraso no cultivo da oleaginosa. Esse cenário, somado à forte alta do dólar na última semana, elevou o interesse de produtores brasileiros em negociar o volume remanescente da safra 2015/16 e parte da temporada 2016/17. Assim, os preços da soja subiram em muitas regiões brasileiras nos últimos sete dias. Entre 4 e 11 de novembro, o Indicador da soja Paranaguá ESALQ/BM&FBovespa, referente ao grão depositado no corredor de exportação e negociado na modalidade spot (pronta entrega), no porto de Paranaguá (PR), subiu 3,19%, fechando a R$ 78,93/saca de 60 kg na sexta-feira, 11. A média ponderada da soja no Paraná, refletida no Indicador CEPEA/ESALQ, fechou a R$ 76,21/saca 60 kg na sexta-feira, aumento de 3,9% no período. ', 'data_hora': '2016-11-14', 'Unnamed: 0': 4162, 'qtde_palavras_soja': 4.0}"                                                                                                                                                                                                                                                                                                                                                                                                                                                                                                                                                                                                                                                                                                                                                                                                                                                                                                                                                                                                                                                                                                                                                                                                           ,{}   ,2023-04-21 01:03:00.214593+00:00 ,2023-04-22 16:06:00.320036+00:00 ,      66 ,                1 ,                    0 ,                0 ,            0 ,                       0 ,                        ,      1 ,         1 ,[]              , 31 ,           1 ,"[{'id': 'YrDKwBhy24', 'type': 'choices', 'value': {'choices': ['Neutra']}, 'origin': 'manual', 'to_name': 'text', 'from_name': 'sentiment'}]"         ,False         ,False        ,2023-04-22T16:05:58.953416Z ,2023-04-22T16:05:58.953434Z ,   8.651              ,{}         ,           0 ,0554e93e-22a8-4707-9703-56ec76fcee31 ,            ,  66 ,      1 ,         1 ,                  ,                  ,
 44 ,  67 ,0a93ad42-noticias_cepea_soja.csv ,[]                                                                                                                                                                                                                                                                                                                                                                                                                                                                        ,[]          ,"{'ano': 2016.0, 'mes': 11.0, 'url': 'https://www.cepea.esalq.usp.br/br/diarias-de-mercado/soja-cepea-valores-caem-e-liquidez-e-baixa-no-br.aspx', 'data': '21/11/2016', 'titulo': 'SOJA/CEPEA: Valores caem e liquidez é baixa no BR', 'noticia': 'Cepea, 21/11/2016 – Vendedores de soja elevaram o interesse em negociar parte da safra brasileira 2016/17 na última semana, motivados pela valorização do dólar frente ao Real. O ritmo de efetivações, porém, segue lento frente a temporadas anteriores, devido aos menores patamares de preços. Segundo colaboradores do Cepea, alguns vendedores se mantêm retraídos, apostando em preços maiores ao longo da safra 2016/17, devido ao baixo volume de chuva em áreas de Mato Grosso do Sul, à possível seca na região Sul nas próximas semanas e ao clima desfavorável ao cultivo de soja na Argentina. Assim, entre 11 e 18 de novembro, o Indicador da soja Paranaguá ESALQ/BM&FBovespa, referente ao grão depositado no corredor de exportação e negociado na modalidade spot (pronta entrega), no porto de Paranaguá (PR), caiu 1%, fechando a R$ 78,09/saca de 60 kg na sexta-feira, 18. A média ponderada da soja no Paraná, refletida no Indicador CEPEA/ESALQ, foi de R$ 74,05/saca 60 kg na sexta, recuo de 2,8% no período. ', 'data_hora': '2016-11-21', 'Unnamed: 0': 4151, 'qtde_palavras_soja': 4.0}"                                                                                                                                                                                                                                                                                                                                                                                                                                                                                                                                                                                                                                                                                                                                                                                                                                                                                                                                                                                                                                                                                                                                  ,{}   ,2023-04-21 01:03:00.214630+00:00 ,2023-04-22 16:07:48.017064+00:00 ,      67 ,                1 ,                    0 ,                0 ,            0 ,                       0 ,                        ,      1 ,         1 ,[]              , 32 ,           1 ,"[{'id': 'NgaLmglHMq', 'type': 'choices', 'value': {'choices': ['Neutra']}, 'origin': 'manual', 'to_name': 'text', 'from_name': 'sentiment'}]"         ,False         ,False        ,2023-04-22T16:07:46.644140Z ,2023-04-22T16:07:46.644158Z ,  57.143              ,{}         ,           0 ,c91ca8f2-aca1-49e7-ad30-1cfdf240b2f4 ,            ,  67 ,      1 ,         1 ,                  ,                  ,
 45 ,  68 ,0a93ad42-noticias_cepea_soja.csv ,[]                                                                                                                                                                                                                                                                                                                                                                                                                                                                        ,[]          ,"{'ano': '', 'mes': '', 'url': 'https://www.cepea.esalq.usp.br/br/diarias-de-mercado/frango-cepea-relacao-de-troca-entre-frango-vivo-e-milho-e-a-menor-desde-jul-20.aspx', 'data': '', 'titulo': 'FRANGO/CEPEA: Relação de troca entre frango vivo e milho é a menor desde jul/20', 'noticia': 'Cepea, 14/4/2022 – Com a forte valorização do frango vivo e a queda no preço do milho, o poder de compra do avicultor frente ao cereal neste mês é o maior desde julho de 2020. Já em relação ao farelo de soja, o cenário atual é o mais favorável desde novembro/21. No mercado de frango, segundo colaboradores do Cepea, a demanda está firme, sustentada pelas aquecidas exportações da proteína e pelo aumento da procura doméstica no início do mês. Já para o milho, a possibilidade de a segunda safra ser recorde vem mantendo os preços do cereal em queda. Para o farelo de soja, a finalização da colheita somada à pressão cambial e à menor demanda pelo produto pressionam as cotações domésticas. Dessa forma, considerando-se as médias do frango vivo comercializado no estado de São Paulo e do milho vendido em Campinas (SP), o avicultor de corte consegue comprar, nesta parcial de abril, 4,22 quilos do cereal com a venda de um quilo de frango, 26,3% a mais que em março e a maior quantidade desde julho/20. De farelo de soja, considerando-se o derivado negociado no mercado de lotes de Campinas, o poder de compra do avicultor paulista apresenta o melhor resultado desde novembro/21. Com a venda de um quilo de frango é possível a compra de 2,37 quilos do farelo de soja, 27% a mais que em março.\xa0Fonte: Cepea (', 'data_hora': '', 'Unnamed: 0': 6590, 'qtde_palavras_soja': 4.0}"                                                                                                                                                                                                                                                                                                                                                                                                                                                                                                                                                                                                                                                                                                                                                                             ,{}   ,2023-04-21 01:03:00.214667+00:00 ,2023-04-22 16:08:23.044820+00:00 ,      68 ,                1 ,                    0 ,                0 ,            0 ,                       0 ,                        ,      1 ,         1 ,[]              , 33 ,           1 ,"[{'id': 'eO5Txu8GkT', 'type': 'choices', 'value': {'choices': ['Positiva']}, 'origin': 'manual', 'to_name': 'text', 'from_name': 'sentiment'}]"       ,False         ,False        ,2023-04-22T16:08:21.716503Z ,2023-04-22T16:08:21.716563Z ,  27.16               ,{}         ,           0 ,d260d130-bb91-4cb4-ac03-6cfe7fa53f88 ,            ,  68 ,      1 ,         1 ,                  ,                  ,
 46 ,  69 ,0a93ad42-noticias_cepea_soja.csv ,[]                                                                                                                                                                                                                                                                                                                                                                                                                                                                        ,[]          ,"{'ano': 2012.0, 'mes': 10.0, 'url': 'https://www.cepea.esalq.usp.br/br/diarias-de-mercado/soja-cepea-produtores-a-espera-de-chuvas-para-intensificar-o-plantio.aspx', 'data': '22/10/2012', 'titulo': 'SOJA/CEPEA: Produtores à espera de chuvas para intensificar o plantio', 'noticia': 'Cepea, 22/10/2012 - Produtores brasileiros estão voltados aos trabalhos de campo da soja e atentos ao clima. O cultivo, no geral, segue dentro da normalidade, mas as chuvas verificadas em regiões do Centro-Oeste e em partes do Sudeste ainda não foram suficientes para favorecer a intensificação das atividades. Em Minas Gerais, onde o plantio deve iniciar neste mês, produtores estão com as máquinas prontas para o semeio, mas o volume de chuva tem sido baixo em outubro. Com base na percepção de agentes consultados, o Cepea estima que, até o final da semana passada, o cultivo de soja estaria em 20% da área esperada para a safra 2012/13. Há grande expectativa quanto à nova safra da América do Sul, já que pode melhorar os estoques mundiais. Quanto aos preços, na última semana, os valores nacionais seguiram praticamente nominais, havendo apenas negociações pontuais no interior no Brasil, visto que já não há soja disponível no País. Assim, os valores domésticos têm sido influenciados basicamente pelos contratos futuros da soja na Bolsa de Chicago. ', 'data_hora': '2012-10-22', 'Unnamed: 0': 6662, 'qtde_palavras_soja': 4.0}"                                                                                                                                                                                                                                                                                                                                                                                                                                                                                                                                                                                                                                                                                                                                                                                                                                                                                                                                                                                                                                     ,{}   ,2023-04-21 01:03:00.214703+00:00 ,2023-04-22 16:08:35.696889+00:00 ,      69 ,                1 ,                    0 ,                0 ,            0 ,                       0 ,                        ,      1 ,         1 ,[]              , 34 ,           1 ,"[{'id': 'ZRPSoxfISb', 'type': 'choices', 'value': {'choices': ['Neutra']}, 'origin': 'manual', 'to_name': 'text', 'from_name': 'sentiment'}]"         ,False         ,False        ,2023-04-22T16:08:34.304955Z ,2023-04-22T16:08:34.304972Z ,   2.35               ,{}         ,           0 ,29562bdc-0619-461b-81fd-4df7d084c42b ,            ,  69 ,      1 ,         1 ,                  ,                  ,
 47 ,  70 ,0a93ad42-noticias_cepea_soja.csv ,[]                                                                                                                                                                                                                                                                                                                                                                                                                                                                        ,[]          ,"{'ano': 2020.0, 'mes': 6.0, 'url': 'https://www.cepea.esalq.usp.br/br/diarias-de-mercado/soja-cepea-demanda-por-oleo-de-soja-volta-a-crescer-no-br.aspx', 'data': '29/06/2020', 'titulo': 'SOJA/CEPEA: Demanda por óleo de soja volta a crescer no BR', 'noticia': 'Cepea, 29/06/2020 – A demanda por óleo de soja voltou a crescer, especialmente para a produção de biodiesel, de acordo com pesquisas do Cepea. Vale lembrar que, nos últimos meses, indústrias de biodiesel vinham enfrentando dificuldades nas vendas, cenário que limitou o consumo de óleo de soja. Agora, muitas unidades estão com estoques baixos e, portanto, ativas nas compras do derivado. Indústrias processadores, no entanto, tem estoque reduzido de óleo, devido a dificuldades na aquisição da soja em grão. Esse cenário impulsionou os preços internos e o prêmio de exportação do derivado, que estão em patamares recorde. Quanto ao farelo de soja, uma parcela de compradores consultados pelo Cepea está abastecida para o consumo de 15 dias, aproximadamente, sem necessidade, portanto, de aquisição no curto prazo. Ainda assim, os preços reagiram em algumas regiões, diante da retração das indústrias em comercializar grandes volumes. Fonte: Cepea –\xa0', 'data_hora': '2020-06-29', 'Unnamed: 0': 1737, 'qtde_palavras_soja': 4.0}"                                                                                                                                                                                                                                                                                                                                                                                                                                                                                                                                                                                                                                                                                                                                                                                                                                                                                                                                                                                                                                                                                                                                                                   ,{}   ,2023-04-21 01:03:00.214740+00:00 ,2023-04-22 16:08:49.074262+00:00 ,      70 ,                1 ,                    0 ,                0 ,            0 ,                       0 ,                        ,      1 ,         1 ,[]              , 35 ,           1 ,"[{'id': 'aayOG7UaAw', 'type': 'choices', 'value': {'choices': ['Positiva']}, 'origin': 'manual', 'to_name': 'text', 'from_name': 'sentiment'}]"       ,False         ,False        ,2023-04-22T16:08:47.714323Z ,2023-04-22T16:08:47.714355Z ,   6.92               ,{}         ,           0 ,19fc9677-5ae4-4bbf-b34b-9363c042d89c ,            ,  70 ,      1 ,         1 ,                  ,                  ,
 48 ,  71 ,0a93ad42-noticias_cepea_soja.csv ,[]                                                                                                                                                                                                                                                                                                                                                                                                                                                                        ,[]          ,"{'ano': 2017.0, 'mes': 3.0, 'url': 'https://www.cepea.esalq.usp.br/br/diarias-de-mercado/soja-cepea-queda-do-dolar-eleva-preco-neste-inicio-de-marco.aspx', 'data': '06/03/2017', 'titulo': 'SOJA/CEPEA: Queda do dólar eleva preço neste início de março', 'noticia': 'Cepea, 06/03/2017 – Os preços da soja em grão iniciam o mês de março em alta. Segundo pesquisadores do Cepea, o impulso tem vindo das elevações nos valores externos do grão que, por sua vez, sobem devido à queda do dólar, que torna os produtos norte-americanos mais atrativos aos estrangeiros. Nesse cenário, o Indicador da soja CEPEA/ESALQ – Paraná subiu 1,6% entre 24 de fevereiro e 3 de março, fechando a R$ 67,30/sc de 60 kg na sexta, 3. O Indicador da soja Paranaguá ESALQ/BM&FBovespa, referente ao grão depositado no corredor de exportação e negociado na modalidade spot (pronta entrega), no porto de Paranaguá (PR), fechou a R$ 72,64/saca de 60 kg, aumento de 1% no mesmo período. Em fevereiro, especificamente, a entrada da safra brasileira, a demanda doméstica enfraquecida e a melhora nas condições climáticas na Argentina pressionaram os valores da soja e derivados no mercado brasileiro. A elevação do frete durante o mês também pressionou os valores que, em várias regiões acompanhadas pelo Cepea, voltaram aos menores patamares desde 2012, em termos reais. Por outro lado, a firme demanda externa limitou a queda nos preços domésticos. ', 'data_hora': '2017-03-06', 'Unnamed: 0': 10309, 'qtde_palavras_soja': 4.0}"                                                                                                                                                                                                                                                                                                                                                                                                                                                                                                                                                                                                                                                                                                                                                                                                                                                                                                                                                         ,{}   ,2023-04-21 01:03:00.214787+00:00 ,2023-04-22 16:09:13.808405+00:00 ,      71 ,                1 ,                    0 ,                0 ,            0 ,                       0 ,                        ,      1 ,         1 ,[]              , 36 ,           1 ,"[{'id': 'NeDQ0OMIK4', 'type': 'choices', 'value': {'choices': ['Neutra']}, 'origin': 'manual', 'to_name': 'text', 'from_name': 'sentiment'}]"         ,False         ,False        ,2023-04-22T16:09:12.446701Z ,2023-04-22T16:09:12.446719Z ,  17.654              ,{}         ,           0 ,417401e5-e746-459f-bd76-338f44953ce3 ,            ,  71 ,      1 ,         1 ,                  ,                  ,
 49 ,  72 ,0a93ad42-noticias_cepea_soja.csv ,[]                                                                                                                                                                                                                                                                                                                                                                                                                                                                        ,[]          ,"{'ano': 2021.0, 'mes': 2.0, 'url': 'https://www.cepea.esalq.usp.br/br/diarias-de-mercado/soja-cepea-colheita-avanca-e-pressiona-cotacao-no-spot.aspx', 'data': '17/02/2021', 'titulo': 'SOJA/CEPEA: Colheita avança e pressiona cotação no spot', 'noticia': 'Cepea, 17/02/2021 – A diminuição das chuvas nas principais regiões produtoras de soja permitiu o avanço da colheita da safra 2020/21. De acordo com pesquisadores do Cepea, esse cenário atrelado às desvalorizações externas e do dólar vêm pressionando as cotações domésticas do complexo soja. Já para o médio e longo prazos, a paridade de exportação no Brasil e os valores futuros internacionais apontam preços firmes para a oleaginosa, o que se deve à rápida diminuição nos estoques norte-americanos da soja. A produção brasileira segue estimada em volume recorde – de 133 milhões de toneladas pelo USDA, e de 133,81 milhões de toneladas pela Conab –, mas a qualidade a ser colhida ainda é incerta. Os produtores consultados pelo Cepea relatam que parte da soja recém-colhida apresenta qualidade avariada, como resultado do clima desfavorável durante o desenvolvimento do grão. Fonte: ', 'data_hora': '2021-02-17', 'Unnamed: 0': 76, 'qtde_palavras_soja': 4.0}"                                                                                                                                                                                                                                                                                                                                                                                                                                                                                                                                                                                                                                                                                                                                                                                                                                                                                                                                                                                                                                                                                                                                                                                                                                                ,{}   ,2023-04-21 01:03:00.214831+00:00 ,2023-04-22 16:09:27.955785+00:00 ,      72 ,                1 ,                    0 ,                0 ,            0 ,                       0 ,                        ,      1 ,         1 ,[]              , 37 ,           1 ,"[{'id': 'hh82H5qW3Z', 'type': 'choices', 'value': {'choices': ['Neutra']}, 'origin': 'manual', 'to_name': 'text', 'from_name': 'sentiment'}]"         ,False         ,False        ,2023-04-22T16:09:26.616527Z ,2023-04-22T16:09:26.616544Z ,   7.123              ,{}         ,           0 ,1bdc2db0-3bd5-4c0f-879f-6bef27bd3a16 ,            ,  72 ,      1 ,         1 ,                  ,                  ,
 50 ,  73 ,0a93ad42-noticias_cepea_soja.csv ,[]                                                                                                                                                                                                                                                                                                                                                                                                                                                                        ,[]          ,"{'ano': 2012.0, 'mes': 7.0, 'url': 'https://www.cepea.esalq.usp.br/br/diarias-de-mercado/soja-cepea-precos-registram-novos-recordes.aspx', 'data': '23/07/2012', 'titulo': 'SOJA/CEPEA: Preços registram novos recordes', 'noticia': 'Cepea, 23/07/2012 - As cotações da soja em grão atingiram novos recordes no Brasil, influenciadas pela baixa disponibilidade da oleaginosa no País e pela forte demanda por farelo, segundo pesquisadores do Cepea. O impulso também veio da alta nos valores internacionais, que, por sua vez, subiram devido à piora nas condições das lavouras de soja norte-americanas, por conta do clima quente e seco. Segundo agentes colaboradores do Cepea, há apenas de 5% a 8% da soja brasileira disponível para venda, o que aumenta a vantagem de quem ainda tem soja para negociar. No porto de Paranaguá, a saca de 60 kg é negociada no maior patamar da série deflacionada do Cepea para este porto, iniciada em 2006. Já em relação ao estado do Paraná (Indicador CEPEA/ESALQ), o atual preço é o maior em termos nominais, apenas. A série que representa a média ponderada de quatro regiões desse estado começou em 1997, e a maior média mensal, em termos reais, foi verificada em outubro de 2002, quando a saca foi negociada a R$ 90,04 - as séries foram deflacionadas pelo IGP-DI de junho/12. ', 'data_hora': '2012-07-23', 'Unnamed: 0': 6789, 'qtde_palavras_soja': 4.0}"                                                                                                                                                                                                                                                                                                                                                                                                                                                                                                                                                                                                                                                                                                                                                                                                                                                                                                                                                                                                                                                                            ,{}   ,2023-04-21 01:03:00.214868+00:00 ,2023-04-22 16:09:45.982941+00:00 ,      73 ,                1 ,                    0 ,                0 ,            0 ,                       0 ,                        ,      1 ,         1 ,[]              , 38 ,           1 ,"[{'id': 'qLLXpd1kmw', 'type': 'choices', 'value': {'choices': ['Negativa']}, 'origin': 'manual', 'to_name': 'text', 'from_name': 'sentiment'}]"       ,False         ,False        ,2023-04-22T16:09:44.610348Z ,2023-04-22T16:09:44.610394Z ,  11.604              ,{}         ,           0 ,b8f03388-3f2d-4f97-baff-4d290ddb4063 ,            ,  73 ,      1 ,         1 ,                  ,                  ,
 51 ,  74 ,0a93ad42-noticias_cepea_soja.csv ,[]                                                                                                                                                                                                                                                                                                                                                                                                                                                                        ,[]          ,"{'ano': 2016.0, 'mes': 12.0, 'url': 'https://www.cepea.esalq.usp.br/br/diarias-de-mercado/soja-cepea-em-mercado-lento-precos-caem-mais-de-4.aspx', 'data': '26/12/2016', 'titulo': 'SOJA/CEPEA: Em mercado lento, preços caem mais de 4%', 'noticia': 'Cepea, 26/12/2016 – O mercado de soja mantém baixa a liquidez neste período de final de ano. Enquanto compradores aguardam valores menores no início de 2017, fundamentados na provável safra recorde, produtores ainda preferem esperar a entrada da temporada para comercializar, na expectativa de elevação do dólar. No balanço dos últimos sete dias (entre 16 e 23 de dezembro), o Indicador da soja Paranaguá ESALQ/BM&FBovespa, referente ao grão depositado no corredor de exportação e negociado na modalidade spot (pronta entrega), no porto de Paranaguá (PR), caiu 4,7%, fechando a R$ 75,81/saca de 60 kg na sexta-feira. A média ponderada da soja no Paraná, refletida no Indicador CEPEA/ESALQ, fechou a R$ 72,30/sc 60 kg na sexta-feira, 23, queda de 4,2% em relação à sexta anterior. No segmento de derivados, segundo pesquisadores do Cepea, a demanda doméstica enfraquecida tem pressionado as cotações. Especificamente para o farelo de soja, as vendas para a produção de ração animal recuaram, em decorrência da queda na produção de frango. ', 'data_hora': '2016-12-26', 'Unnamed: 0': 4095, 'qtde_palavras_soja': 4.0}"                                                                                                                                                                                                                                                                                                                                                                                                                                                                                                                                                                                                                                                                                                                                                                                                                                                                                                                                                                                                                                                                                           ,{}   ,2023-04-21 01:03:00.214903+00:00 ,2023-04-22 16:10:01.745458+00:00 ,      74 ,                1 ,                    0 ,                0 ,            0 ,                       0 ,                        ,      1 ,         1 ,[]              , 39 ,           1 ,"[{'id': '0qHhjPlT_K', 'type': 'choices', 'value': {'choices': ['Negativa']}, 'origin': 'manual', 'to_name': 'text', 'from_name': 'sentiment'}]"       ,False         ,False        ,2023-04-22T16:10:00.391780Z ,2023-04-22T16:10:00.391798Z ,   9.427              ,{}         ,           0 ,15a02e1e-be11-45b5-8c24-c3d1ced74bc1 ,            ,  74 ,      1 ,         1 ,                  ,                  ,
 52 ,  75 ,0a93ad42-noticias_cepea_soja.csv ,[]                                                                                                                                                                                                                                                                                                                                                                                                                                                                        ,[]          ,"{'ano': 2017.0, 'mes': 3.0, 'url': 'https://www.cepea.esalq.usp.br/br/diarias-de-mercado/soja-cepea-precos-sao-os-menores-em-cinco-anos.aspx', 'data': '20/03/2017', 'titulo': 'SOJA/CEPEA: Preços são os menores em cinco anos', 'noticia': 'Cepea, 20/03/2017 – Os preços internos da soja em grão estão nos menores patamares reais dos últimos cinco anos. Considerando-se a média da parcial de março (até o dia 17), o Indicador da soja Paranaguá ESALQ/BM&FBovespa está em R$ 71,61/saca de 60 quilos. O Indicador CEPEA/ESALQ Paraná também está no patamar mais baixo desde 2012, em R$ 66,36/sc. Segundo pesquisadores do Cepea, a pressão vem do ritmo intenso de colheita no Brasil, da recente desvalorização do dólar frente ao Real e do fraco movimento nas vendas internas de farelo e óleo de soja. Apesar dos menores patamares, ainda há produtores cautelosos, restringindo o volume ofertado, na expectativa de alta da moeda norte-americana e de aumento na demanda externa. Além disso, esses vendedores estão à espera de dados sobre a área a ser cultivada com soja nos Estados Unidos.', 'data_hora': '2017-03-20', 'Unnamed: 0': 10349, 'qtde_palavras_soja': 4.0}"                                                                                                                                                                                                                                                                                                                                                                                                                                                                                                                                                                                                                                                                                                                                                                                                                                                                                                                                                                                                                                                                                                                                                                                                                                                                                                           ,{}   ,2023-04-21 01:03:00.214938+00:00 ,2023-04-22 16:10:14.265814+00:00 ,      75 ,                1 ,                    0 ,                0 ,            0 ,                       0 ,                        ,      1 ,         1 ,[]              , 40 ,           1 ,"[{'id': 'rzFH9KECid', 'type': 'choices', 'value': {'choices': ['Negativa']}, 'origin': 'manual', 'to_name': 'text', 'from_name': 'sentiment'}]"       ,False         ,False        ,2023-04-22T16:10:12.934425Z ,2023-04-22T16:10:12.934445Z ,   5.745              ,{}         ,           0 ,4a4e3c67-c9ca-4a40-ab12-58a851a24445 ,            ,  75 ,      1 ,         1 ,                  ,                  ,
 53 ,  76 ,0a93ad42-noticias_cepea_soja.csv ,[]                                                                                                                                                                                                                                                                                                                                                                                                                                                                        ,[]          ,"{'ano': 2012.0, 'mes': 5.0, 'url': 'https://www.cepea.esalq.usp.br/br/diarias-de-mercado/soja-cepea-precos-do-farelo-de-soja-caminham-para-recorde.aspx', 'data': '28/05/2012', 'titulo': 'SOJA/CEPEA: Preços do farelo de soja caminham para recorde', 'noticia': 'Cepea, 28/05/2012 - Os preços do farelo de soja no Brasil continuam encontrando suporte na demanda de consumidores deste derivado e também na disputa por soja em grão, de acordo com pesquisadores do Cepea. Com esses impulsos, o preço do farelo está no maior patamar desde janeiro de 2009 na maioria das regiões - no Rio Grande do Sul já é o maior da série do Cepea, iniciada em 1999. A concorrência por soja em grão entre compradores nacionais e importadores bem como preocupações quanto à disponibilidade de matéria-prima no segundo semestre são fatores de alta desde o início do ano. Compradores de farelo também estão buscando antecipar suas aquisições a fim de garantir a disponibilidade de produto nos próximos meses. Quanto à soja em grão, o Indicador ESALQ/BM&FBovespa (produto transferido para armazéns do porto de Paranaguá) recuou ligeiro 1,44% entre 18 e 25 de maio, finalizando em R$ 64,17/saca de 60 kg. Ao ser convertido para dólar (moeda prevista nos contratos futuros da BM&FBovespa), o Indicador ESALQ/BM&FBovespa fechou a US$ 32,12/sc de 60 kg na sexta, baixa de 0,34% no mesmo período. A média ponderada das regiões paranaenses, refletida no Indicador CEPEA/ESALQ, teve baixa de 1,12% entre 18 e 25 de maio, indo para R$ 61,07/sc de 60 kg na sexta-feira. ', 'data_hora': '2012-05-28', 'Unnamed: 0': 6818, 'qtde_palavras_soja': 4.0}"                                                                                                                                                                                                                                                                                                                                                                                                                                                                                                                                                                                                                                                                                                                                                                                                                                  ,{}   ,2023-04-21 01:03:00.214974+00:00 ,2023-04-22 16:10:31.957875+00:00 ,      76 ,                1 ,                    0 ,                0 ,            0 ,                       0 ,                        ,      1 ,         1 ,[]              , 41 ,           1 ,"[{'id': 'Wps6lRk3Mv', 'type': 'choices', 'value': {'choices': ['Positiva']}, 'origin': 'manual', 'to_name': 'text', 'from_name': 'sentiment'}]"       ,False         ,False        ,2023-04-22T16:10:30.585489Z ,2023-04-22T16:10:30.585509Z ,  11.204              ,{}         ,           0 ,3d4d62c0-a4d5-4b4e-a95f-de4a8f0f0554 ,            ,  76 ,      1 ,         1 ,                  ,                  ,
 54 ,  77 ,0a93ad42-noticias_cepea_soja.csv ,[]                                                                                                                                                                                                                                                                                                                                                                                                                                                                        ,[]          ,"{'ano': 2011.0, 'mes': 11.0, 'url': 'https://www.cepea.esalq.usp.br/br/diarias-de-mercado/soja-cepea-na-esteira-das-incertezas-internacionais-precos-recuam.aspx', 'data': '14/11/2011', 'titulo': 'SOJA/CEPEA: Na esteira das incertezas internacionais, preços recuam', 'noticia': 'Cepea, 14/11/2011 - Os preços da soja no Brasil e no exterior não resistiram às preocupações com a economia global, especialmente com dívidas de países da zona do euro, somadas à baixa demanda dos últimos dias. Na Bolsa de Chicago, os preços chegaram ao menor patamar do ano, pressionados também pela redução do consumo de farelo nos Estados Unidos devido ao ritmo mais lento da produção de frangos. Considerando o primeiro vencimento da CBOT para o grão e farelo de soja, cálculos do Cepea apontam que, na semana passada, o preço do farelo representou apenas 55% da receita obtida com o esmagamento da soja, a menor participação desde abril. No Brasil, tomando-se como base os preços ponderados do estado do Paraná (Indicador CEPEA/ESALQ), houve queda de 1,7% na última semana, com a saca a R$ 45,00/sc na sexta-feira. Em relação ao produto já transferido para o porto de Paranaguá (ESALQ/BM&FBovespa), o preço da saca foi de R$ 47,50 ou US$ 27,24 na sexta-feira, recuos de 1,4% e 1% respectivamente, sobre a sexta-feira anterior. Apesar desse enfraquecimento do mercado nesse momento, a área de soja no Brasil deve aumentar entre 0,9% e 3% na safra 2011/12, para até 24,9 milhões de hectares, segundo dados da Conab. ', 'data_hora': '2011-11-14', 'Unnamed: 0': 6989, 'qtde_palavras_soja': 4.0}"                                                                                                                                                                                                                                                                                                                                                                                                                                                                                                                                                                                                                                                                                                                                                                                                                                                                       ,{}   ,2023-04-21 01:03:00.215010+00:00 ,2023-04-22 16:10:44.628369+00:00 ,      77 ,                1 ,                    0 ,                0 ,            0 ,                       0 ,                        ,      1 ,         1 ,[]              , 42 ,           1 ,"[{'id': 'QE7Y-o197_', 'type': 'choices', 'value': {'choices': ['Negativa']}, 'origin': 'manual', 'to_name': 'text', 'from_name': 'sentiment'}]"       ,False         ,False        ,2023-04-22T16:10:43.242742Z ,2023-04-22T16:10:43.242762Z ,   6.333              ,{}         ,           0 ,2bec7d89-c180-4963-9cc3-2c91836cc2c9 ,            ,  77 ,      1 ,         1 ,                  ,                  ,
 55 ,  78 ,0a93ad42-noticias_cepea_soja.csv ,[]                                                                                                                                                                                                                                                                                                                                                                                                                                                                        ,[]          ,"{'ano': 2021.0, 'mes': 5.0, 'url': 'https://www.cepea.esalq.usp.br/br/diarias-de-mercado/soja-cepea-alta-externa-eleva-movimentacao-nos-portos-brasileiros.aspx', 'data': '17/05/2021', 'titulo': 'SOJA/CEPEA: Alta externa eleva movimentação nos portos brasileiros', 'noticia': 'Cepea, 17/05/2021 – Os preços externos da soja em grão atingiram na semana passada os maiores patamares nominais desde setembro de 2012. Segundo pesquisadores do Cepea, o movimento de alta esteve atrelado a expectativas de maior consumo de soja nos Estados Unidos e aos baixos estoques naquele país. Esse cenário, por sua vez, elevou a movimentação nos portos brasileiros, e vendedores nacionais tiveram mais interesse em comercializar a soja em detrimento do milho, fundamentados na safra recorde da oleaginosa e nas expectativas de maior estoque de passagem. Quanto aos preços, entre 7 e 14 de maio, os Indicadores ESALQ/BM&FBovespa Paranaguá e CEPEA/ESALQ Paraná da soja cederam ligeiro 0,37% e 0,94%, respectivamente, fechando a R$ 176,84 e a R$ 171,88/sc de 60 kg na sexta-feira, 14. Fonte: Cepea (', 'data_hora': '2021-05-17', 'Unnamed: 0': 37, 'qtde_palavras_soja': 4.0}"                                                                                                                                                                                                                                                                                                                                                                                                                                                                                                                                                                                                                                                                                                                                                                                                                                                                                                                                                                                                                                                                                                                                                                                                                                                                                                           ,{}   ,2023-04-21 01:03:00.215045+00:00 ,2023-04-22 16:11:13.003458+00:00 ,      78 ,                1 ,                    0 ,                0 ,            0 ,                       0 ,                        ,      1 ,         1 ,[]              , 43 ,           1 ,"[{'id': 'TOn-Gmz0Pk', 'type': 'choices', 'value': {'choices': ['Neutra']}, 'origin': 'manual', 'to_name': 'text', 'from_name': 'sentiment'}]"         ,False         ,False        ,2023-04-22T16:11:11.605082Z ,2023-04-22T16:11:11.605101Z ,   7.196              ,{}         ,           0 ,2ae58369-c25a-4b12-b638-767ab2634e74 ,            ,  78 ,      1 ,         1 ,                  ,                  ,
 56 ,  79 ,0a93ad42-noticias_cepea_soja.csv ,[]                                                                                                                                                                                                                                                                                                                                                                                                                                                                        ,[]          ,"{'ano': 2018.0, 'mes': 10.0, 'url': 'https://www.cepea.esalq.usp.br/br/diarias-de-mercado/soja-cepea-quantidade-exportada-ja-e-recorde-para-um-mes-de-outubro.aspx', 'data': '22/10/2018', 'titulo': 'SOJA/CEPEA: Quantidade exportada já é recorde para um mês de outubro', 'noticia': 'Cepea, 22/10/2018 – Apesar de o segundo semestre não ser janela de exportação brasileira de soja, os embarques estão a todo vapor. Apenas nas duas primeiras semanas de outubro, o Brasil enviou ao mercado internacional 2,61 milhões de toneladas de soja, segundo a Secex, o maior volume já exportado para o período, considerando-se os meses de outubro de anos anteriores. Segundo pesquisadores do Cepea, embora esses embarques sejam resultado de negociações feitas nos meses anteriores, a movimentação nos portos, especialmente de Paranaguá (PR), influenciou novas comercializações para completar cargas, ainda que em volumes pequenos – a boa movimentação neste período se deve à firme demanda da China, resultado da crise comercial com os Estados Unidos. Quanto aos preços, a alta na CME, a retração de vendedores domésticos e o baixo excedente interno limitaram a desvalorização da soja no Brasil. Entre 11 e 19 de outubro, o Indicador ESALQ/BM&FBovespa da soja Paranaguá (PR) recuou 1,5%, a R$ 89,57/saca de 60 kg na sexta-feira, 19. No mesmo comparativo, o Indicador CEPEA/ESALQ Paraná caiu 0,6%, a R$ 83,32/sc de 60 kg no dia 19. Fonte: Cepea – ', 'data_hora': '2018-10-22', 'Unnamed: 0': 2049, 'qtde_palavras_soja': 4.0}"                                                                                                                                                                                                                                                                                                                                                                                                                                                                                                                                                                                                                                                                                                                                                                                                                                                                                                                                           ,{}   ,2023-04-21 01:03:00.215080+00:00 ,2023-04-22 16:11:27.314808+00:00 ,      79 ,                1 ,                    0 ,                0 ,            0 ,                       0 ,                        ,      1 ,         1 ,[]              , 44 ,           1 ,"[{'id': 'WqMQZPq_gV', 'type': 'choices', 'value': {'choices': ['Positiva']}, 'origin': 'manual', 'to_name': 'text', 'from_name': 'sentiment'}]"       ,False         ,False        ,2023-04-22T16:11:25.989181Z ,2023-04-22T16:11:25.989217Z ,   6.602              ,{}         ,           0 ,bdb3ba38-81e3-4efd-a68d-7eb5ff0c4ecc ,            ,  79 ,      1 ,         1 ,                  ,                  ,
 57 ,  80 ,0a93ad42-noticias_cepea_soja.csv ,[]                                                                                                                                                                                                                                                                                                                                                                                                                                                                        ,[]          ,"{'ano': 2022.0, 'mes': 8.0, 'url': 'https://www.cepea.esalq.usp.br/br/diarias-de-mercado/soja-cepea-demanda-por-grao-e-derivados-dos-eua-e-do-br-aumenta.aspx', 'data': '15/08/2022', 'titulo': 'SOJA/CEPEA: Demanda por grão e derivados dos EUA e do BR aumenta', 'noticia': 'Cepea, 15/08/2022 – Os preços internacionais do complexo soja subiram na semana passada, devido à maior demanda externa por soja em grão dos Estados Unidos e a expectativas de aumento na procura global pelos derivados norte-americanos e também do Brasil. Esse cenário, por sua vez, está relacionado a incertezas quanto ao volume de derivados de soja a ser ofertado pela Argentina (principal abastecedora global de farelo e de óleo de soja). Além disso, o baixo volume de chuvas em importantes regiões produtoras do Hemisfério Norte também impulsionou os valores externos, já que isso pode reduzir a produtividade da safra 2022/23. Fonte: Cepea (', 'data_hora': '2022-08-15', 'Unnamed: 0': 4081, 'qtde_palavras_soja': 4.0}"                                                                                                                                                                                                                                                                                                                                                                                                                                                                                                                                                                                                                                                                                                                                                                                                                                                                                                                                                                                                                                                                                                                                                                                                                                                                                                                                                                                                                                                                           ,{}   ,2023-04-21 01:03:00.215115+00:00 ,2023-04-22 16:11:41.206851+00:00 ,      80 ,                1 ,                    0 ,                0 ,            0 ,                       0 ,                        ,      1 ,         1 ,[]              , 45 ,           1 ,"[{'id': 'k3VDoofAZE', 'type': 'choices', 'value': {'choices': ['Positiva']}, 'origin': 'manual', 'to_name': 'text', 'from_name': 'sentiment'}]"       ,False         ,False        ,2023-04-22T16:11:39.866140Z ,2023-04-22T16:11:39.866158Z ,   7.245              ,{}         ,           0 ,93dd56a7-444c-48b2-8db0-947e68ff1eb9 ,            ,  80 ,      1 ,         1 ,                  ,                  ,
 58 ,  81 ,0a93ad42-noticias_cepea_soja.csv ,[]                                                                                                                                                                                                                                                                                                                                                                                                                                                                        ,[]          ,"{'ano': 2016.0, 'mes': 9.0, 'url': 'https://www.cepea.esalq.usp.br/br/diarias-de-mercado/soja-cepea-alta-externa-impulsiona-valores-no-br.aspx', 'data': '12/09/2016', 'titulo': 'SOJA/CEPEA: Alta externa impulsiona valores no BR', 'noticia': 'Cepea, 12/09/2016 - Após certa estabilidade verificada no início de setembro, os preços internos da soja em grão voltaram a subir na última sexta-feira, 9, impulsionados pela firme demanda internacional pelo produto norte-americano e pela consequente alta dos contratos futuros da soja na CME Group (Bolsa de Chicago). No Brasil, a valorização do dólar frente ao Real também elevou a demanda pelo grão. Entre 2 e 9 de setembro, o Indicador da soja Paranaguá ESALQ/BM&FBovespa, referente à soja depositada no corredor de exportação e negociada na modalidade spot (pronta entrega), no porto de Paranaguá (PR), subiu 2,5%, fechando a R$ 81,63/saca de 60 kg na sexta-feira. A média ponderada do grão no Paraná, refletida no Indicador CEPEA/ESALQ, subiu 2%, a R$ 77,26/saca 60 kg na sexta. ', 'data_hora': '2016-09-12', 'Unnamed: 0': 4282, 'qtde_palavras_soja': 4.0}"                                                                                                                                                                                                                                                                                                                                                                                                                                                                                                                                                                                                                                                                                                                                                                                                                                                                                                                                                                                                                                                                                                                                                                                                                                                                                                                                                             ,{}   ,2023-04-21 01:03:00.215149+00:00 ,2023-04-22 16:11:55.135499+00:00 ,      81 ,                1 ,                    0 ,                0 ,            0 ,                       0 ,                        ,      1 ,         1 ,[]              , 46 ,           1 ,"[{'id': 'ZR1vkWX0kp', 'type': 'choices', 'value': {'choices': ['Positiva']}, 'origin': 'manual', 'to_name': 'text', 'from_name': 'sentiment'}]"       ,False         ,False        ,2023-04-22T16:11:53.801554Z ,2023-04-22T16:11:53.801614Z ,   7.199              ,{}         ,           0 ,f68512e3-9fbd-4f9c-9307-2bc2c1ccbcb4 ,            ,  81 ,      1 ,         1 ,                  ,                  ,
 59 ,  82 ,0a93ad42-noticias_cepea_soja.csv ,[]                                                                                                                                                                                                                                                                                                                                                                                                                                                                        ,[]          ,"{'ano': '', 'mes': '', 'url': 'https://www.cepea.esalq.usp.br/br/diarias-de-mercado/soja-grao-esta-30-mais-barato-que-ha-um-ano-farelo-40.aspx', 'data': '', 'titulo': 'SOJA: Grão está 30% mais barato que há um ano; farelo, 40%', 'noticia': '17/5/2010 - As cotações da soja no Brasil seguem dirigidas pelo câmbio. E como conseqüência dos preços, está a liquidez do mercado doméstico. Para exportação, os negócios têm se mantido aquecidos, puxados pela boa demanda internacional que eleva os preços FOB e atrai o interesse do exportador. O Indicador ESALQ/BM&FBovespa (produto posto porto de Paranaguá), mais afetado pelo câmbio, caiu 2,1% entre as duas últimas sextas-feiras, a R$ 38,14/sc no dia 14. A queda do preço médio ponderado de cinco regiões do Paraná (Indicador CEPEA/ESALQ) foi semelhante, de 2%. Esse Indicador fechou a semana passada a R$ 35,36/saca de 60 kg. Considerando o conjunto das regiões pesquisadas pelo Cepea, o preço médio da soja em grão na parcial deste mês está aproximadamente 30% menor que a média de maio de 2009. Além da taxa de câmbio, a pressão vem da menor rentabilidade com a venda de derivados. Para o farelo de soja, a média deste mês está aproximadamente 40% menor que a de maio de 2009, e a do óleo de soja, 15,2% inferior. ', 'data_hora': '', 'Unnamed: 0': 7891, 'qtde_palavras_soja': 4.0}"                                                                                                                                                                                                                                                                                                                                                                                                                                                                                                                                                                                                                                                                                                                                                                                                                                                                                                                                                                                                                                                                                                                            ,{}   ,2023-04-21 01:03:00.215184+00:00 ,2023-04-22 16:12:22.333822+00:00 ,      82 ,                1 ,                    0 ,                0 ,            0 ,                       0 ,                        ,      1 ,         1 ,[]              , 47 ,           1 ,"[{'id': 'wV-z6rKiN9', 'type': 'choices', 'value': {'choices': ['Negativa']}, 'origin': 'manual', 'to_name': 'text', 'from_name': 'sentiment'}]"       ,False         ,False        ,2023-04-22T16:12:20.947333Z ,2023-04-22T16:12:20.947352Z ,   9.541              ,{}         ,           0 ,591af570-6a37-4dc3-a08e-1ef08e6a747d ,            ,  82 ,      1 ,         1 ,                  ,                  ,
 60 ,  83 ,0a93ad42-noticias_cepea_soja.csv ,[]                                                                                                                                                                                                                                                                                                                                                                                                                                                                        ,[]          ,"{'ano': 2018.0, 'mes': 7.0, 'url': 'https://www.cepea.esalq.usp.br/br/diarias-de-mercado/soja-cepea-precos-sobem-no-brasil.aspx', 'data': '09/07/2018', 'titulo': 'SOJA/CEPEA: Preços sobem no Brasil', 'noticia': 'Cepea, 09/07/2018 – Os preços da soja estão em alta no mercado interno. O Indicador ESALQ/BM&FBovespa da soja Paranaguá fechou a R$ 88,14/saca de 60 kg na sexta-feira, 6, alta de 1,85% na parcial de julho. O Indicador CEPEA/ESALQ Paraná fechou a R$ 81,99/sc de 60 kg no dia 6, elevação de 2% neste mês. Segundo pesquisadores do Cepea, vendedores estão fora do mercado para fechamentos de grandes volumes, atentos aos problemas logísticos. Vale lembrar que boa parte da safra 2017/2018 já foi negociada, sendo outro aspecto que deixa esses agentes reticentes para novas negociações. Quanto aos derivados, as negociações de farelo de soja têm sido apenas pontuais, de acordo com pesquisas do Cepea. Devido aos preços ainda elevados, compradores consultados pelo Cepea demonstram interesse em buscar substitutos, como farelos de amendoim e de algodão e torta de algodão. Dessa forma, os preços de farelo de soja ficaram estáveis na média das regiões acompanhadas pelo Cepea. ', 'data_hora': '2018-07-09', 'Unnamed: 0': 1621, 'qtde_palavras_soja': 4.0}"                                                                                                                                                                                                                                                                                                                                                                                                                                                                                                                                                                                                                                                                                                                                                                                                                                                                                                                                                                                                                                                                                                                                                                                                ,{}   ,2023-04-21 01:03:00.215218+00:00 ,2023-04-22 16:12:47.622032+00:00 ,      83 ,                1 ,                    0 ,                0 ,            0 ,                       0 ,                        ,      1 ,         1 ,[]              , 48 ,           1 ,"[{'id': 'xDgacqCYX2', 'type': 'choices', 'value': {'choices': ['Positiva']}, 'origin': 'manual', 'to_name': 'text', 'from_name': 'sentiment'}]"       ,False         ,False        ,2023-04-22T16:12:46.274634Z ,2023-04-22T16:12:46.274654Z ,  14.902              ,{}         ,           0 ,f293693c-e7c9-4537-9423-6e775b96221d ,            ,  83 ,      1 ,         1 ,                  ,                  ,
 61 ,  84 ,0a93ad42-noticias_cepea_soja.csv ,[]                                                                                                                                                                                                                                                                                                                                                                                                                                                                        ,[]          ,"{'ano': 2006.0, 'mes': 12.0, 'url': 'https://www.cepea.esalq.usp.br/br/diarias-de-mercado/soja-fim-de-ano-com-precos-nominais.aspx', 'data': '18/12/2006', 'titulo': 'SOJA: Fim-de-ano com preços nominais', 'noticia': 'Cepea,\xa018/12/2006\xa0-\xa0Nesta segunda quinzena de dezembro, o mercado brasileiro de soja passa a ser nominal - ou seja, os preços são indicações de compra e venda, pois poucos negócios são de fato realizados. Isso porque neste período o mercado se prepara para as férias coletivas e para a próxima safra que começa a ser colhida em fevereiro. O Indicador da soja CEPEA/ESALQ teve leve alta de 0,2% entre 8 e 15 de dezembro, fechando em R$ 31,7/saca de 60kg nessa sexta-feira, 15. No mês, acumula queda de 5%. O preço médio da soja na primeira quinzena de dezembro é 3,07% inferior ao valor médio de novembro, em reais por saca, com base no Indicador. Essa queda em dezembro é coerente com o padrão sazonal dos preços da soja no Brasil, que tendem a ser menores em dezembro do que em novembro, justamente pela redução de demanda. ', 'data_hora': '2006-12-18', 'Unnamed: 0': 9716, 'qtde_palavras_soja': 4.0}"                                                                                                                                                                                                                                                                                                                                                                                                                                                                                                                                                                                                                                                                                                                                                                                                                                                                                                                                                                                                                                                                                                                                                                                                                                                                                                                                     ,{}   ,2023-04-21 01:03:00.215253+00:00 ,2023-04-22 16:13:06.371283+00:00 ,      84 ,                1 ,                    0 ,                0 ,            0 ,                       0 ,                        ,      1 ,         1 ,[]              , 49 ,           1 ,"[{'id': 'go71d5YNK6', 'type': 'choices', 'value': {'choices': ['Neutra']}, 'origin': 'manual', 'to_name': 'text', 'from_name': 'sentiment'}]"         ,False         ,False        ,2023-04-22T16:13:04.994265Z ,2023-04-22T16:13:04.994297Z ,  12.345              ,{}         ,           0 ,24151dcf-a9ae-4bec-98f3-f7fdd80e73e2 ,            ,  84 ,      1 ,         1 ,                  ,                  ,
 62 ,  85 ,0a93ad42-noticias_cepea_soja.csv ,[]                                                                                                                                                                                                                                                                                                                                                                                                                                                                        ,[]          ,"{'ano': 2016.0, 'mes': 8.0, 'url': 'https://www.cepea.esalq.usp.br/br/diarias-de-mercado/soja-cepea-alta-externa-e-dolar-voltam-a-elevar-cotacao-no-brasil.aspx', 'data': '22/08/2016', 'titulo': 'SOJA/CEPEA: Alta externa e dólar voltam a elevar cotação no Brasil', 'noticia': 'Cepea, 22/08/2016 - Após recuarem por quatro semanas, os preços da soja voltaram a subir no Brasil. O impulso veio da alta nos valores internacionais, da maior demanda externa e também da valorização do dólar frente ao Real, que torna o produto brasileiro mais atrativo aos importadores. Além disso, segundo pesquisadores do Cepea, a disponibilidade interna de soja é baixa e grande parcela dos vendedores não mostra necessidade de negociar o volume remanescente da safra 2015/16. Entre 12 e 19 de agosto, o Indicador da soja Paranaguá ESALQ/BM&FBovespa, referente ao grão depositado no corredor de exportação e negociado na modalidade spot (pronta entrega), no porto de Paranaguá (PR), avançou significativos 4,15%, fechando a R$ 83,22/saca de 60 kg na sexta-feira, 19. A média ponderada da soja no Paraná, refletida no Indicador CEPEA/ESALQ, subiu fortes 3,8% em sete dias, a R$ 78,83/saca 60 kg na sexta. ', 'data_hora': '2016-08-22', 'Unnamed: 0': 4359, 'qtde_palavras_soja': 4.0}"                                                                                                                                                                                                                                                                                                                                                                                                                                                                                                                                                                                                                                                                                                                                                                                                                                                                                                                                                                                                                                                                                                                                                                                                ,{}   ,2023-04-21 01:03:00.215288+00:00 ,2023-04-22 16:13:22.360985+00:00 ,      85 ,                1 ,                    0 ,                0 ,            0 ,                       0 ,                        ,      1 ,         1 ,[]              , 50 ,           1 ,"[{'id': 'uLdoF-gTQb', 'type': 'choices', 'value': {'choices': ['Positiva']}, 'origin': 'manual', 'to_name': 'text', 'from_name': 'sentiment'}]"       ,False         ,False        ,2023-04-22T16:13:20.996092Z ,2023-04-22T16:13:20.996117Z ,   9.072              ,{}         ,           0 ,70bbf9d3-2498-40eb-ab11-3949524ac774 ,            ,  85 ,      1 ,         1 ,                  ,                  ,
 63 ,  86 ,0a93ad42-noticias_cepea_soja.csv ,[]                                                                                                                                                                                                                                                                                                                                                                                                                                                                        ,[]          ,"{'ano': 2023.0, 'mes': 2.0, 'url': 'https://www.cepea.esalq.usp.br/br/diarias-de-mercado/soja-cepea-clima-atrapalha-colheita-no-br-e-prejudica-lavoura-na-argentina.aspx', 'data': '27/02/2023', 'titulo': 'SOJA/CEPEA: Clima atrapalha colheita no BR e prejudica lavoura na Argentina', 'noticia': 'Cepea, 27/02/2023 – A colheita de soja no Brasil segue em ritmo lento, devido ao elevado volume de chuva em importantes regiões produtoras. Colaboradores consultados pelo Cepea indicam que algumas áreas de soja já foram dessecadas há dias e ainda não puderam ser colhidas, diante das frequentes chuvas. Esse cenário começa a preocupar o sojicultor nacional quanto à possibilidade de haver grão de soja avariado e ardido, o que pode, inclusive, impactar na produção de derivados, sobretudo de óleo. O Brasil colheu apenas 23% das 152,88 milhões de toneladas previstas para a temporada 2022/23 até o dia 18, abaixo dos 33% colhidos em igual período do ano passado, de acordo com a Conab (Companhia Nacional de Abastecimento). Já na Argentina, a baixa umidade do solo e as altas temperaturas seguem prejudicando as lavouras. Diante disso, a Bolsa de Cereales reajustou negativamente mais uma vez as estimativas de produção de soja no país vizinho, estimada agora em 33,5 milhões de toneladas, 11,8% inferior à previsão anterior e expressivos 22,6% menos que o volume produzido na safra passada. Fonte: Cepea (', 'data_hora': '2023-02-27', 'Unnamed: 0': 8996, 'qtde_palavras_soja': 4.0}"                                                                                                                                                                                                                                                                                                                                                                                                                                                                                                                                                                                                                                                                                                                                                                                                                                                                                                                                                                        ,{}   ,2023-04-21 01:03:00.215323+00:00 ,2023-04-22 16:13:39.779393+00:00 ,      86 ,                1 ,                    0 ,                0 ,            0 ,                       0 ,                        ,      1 ,         1 ,[]              , 51 ,           1 ,"[{'id': 'mW91xEN2Fh', 'type': 'choices', 'value': {'choices': ['Negativa']}, 'origin': 'manual', 'to_name': 'text', 'from_name': 'sentiment'}]"       ,False         ,False        ,2023-04-22T16:13:38.404921Z ,2023-04-22T16:13:38.404943Z ,  10.874              ,{}         ,           0 ,61a03367-8eb3-4627-b822-06b3caaa6525 ,            ,  86 ,      1 ,         1 ,                  ,                  ,
 64 ,  87 ,0a93ad42-noticias_cepea_soja.csv ,[]                                                                                                                                                                                                                                                                                                                                                                                                                                                                        ,[]          ,"{'ano': '', 'mes': '', 'url': 'https://www.cepea.esalq.usp.br/br/diarias-de-mercado/soja-cepea-grao-e-derivados-tem-forte-queda-neste-inicio-de-mes.aspx', 'data': '', 'titulo': 'SOJA/CEPEA: Grão e derivados têm forte queda neste início de mês', 'noticia': 'Cepea, 7/8/2017 – As cotações de soja e de farelo de soja caíram nesta primeira semana de agosto, refletindo as expectativas de safra cheia nos Estados Unidos, o enfraquecimento da demanda externa e aquisição de lotes apenas para entrega imediata por parte de compradores domésticos. Além disso, conforme pesquisadores do Cepea, a queda do dólar frente ao Real voltou a elevar a disparidade entre os valores pedidos e ofertados, reduzindo a liquidez interna. Quanto ao óleo de soja, os preços caíram em menor intensidade, devido ao bom ritmo de embarques e às expectativas de demanda ainda maior por parte do setor de biodiesel no Brasil. Entre 28 de julho e 4 de agosto, o Indicador da soja ESALQ/BM&FBovespa Paranaguá registrou queda expressiva de 5,2%, para R$ 68,97/sc de 60 kg na sexta-feira, 4. O Indicador CEPEA/ESALQ Paraná cedeu significativos 4,7% no mesmo período, a R$ 63,19/sc de 60 kg no dia 4. ', 'data_hora': '', 'Unnamed: 0': 3739, 'qtde_palavras_soja': 4.0}"                                                                                                                                                                                                                                                                                                                                                                                                                                                                                                                                                                                                                                                                                                                                                                                                                                                                                                                                                                                                                                                                                                                                                                                                                            ,{}   ,2023-04-21 01:03:00.215358+00:00 ,2023-04-22 16:13:53.910562+00:00 ,      87 ,                1 ,                    0 ,                0 ,            0 ,                       0 ,                        ,      1 ,         1 ,[]              , 52 ,           1 ,"[{'id': 'fyEG1coP_G', 'type': 'choices', 'value': {'choices': ['Negativa']}, 'origin': 'manual', 'to_name': 'text', 'from_name': 'sentiment'}]"       ,False         ,False        ,2023-04-22T16:13:52.556379Z ,2023-04-22T16:13:52.556396Z ,   7.533              ,{}         ,           0 ,a9721ef8-0f2d-4be8-8400-383aaa3ce6f9 ,            ,  87 ,      1 ,         1 ,                  ,                  ,
 65 ,  88 ,0a93ad42-noticias_cepea_soja.csv ,[]                                                                                                                                                                                                                                                                                                                                                                                                                                                                        ,[]          ,"{'ano': 2009.0, 'mes': 3.0, 'url': 'https://www.cepea.esalq.usp.br/br/diarias-de-mercado/soja-liquidez-aumenta-com-avanco-da-colheita.aspx', 'data': '23/03/2009', 'titulo': 'SOJA: Liquidez aumenta com avanço da colheita', 'noticia': 'Cepea,\xa023/03/2009 -\xa0O mercado interno de soja esteve mais movimentado na semana passada, com um número maior de negócios antecipados sendo realizado. No estado de Mato Grosso, levantamentos do Cepea apontam que 42% da produção já estaria comercializada - no entanto, ainda não existem números oficiais. Já no Paraná, segundo dados da Seab/Deral divulgados no dia 16, apenas 12% da safra foi negociada. De modo geral, a colheita de soja vem sendo intensificada nas principais áreas de cultivo do País, com as atividades atingindo 70% em MS, 63% em MT e 43% no PR. Mesmo com o avanço da colheita, os preços da soja no mercado doméstico seguiram em alta nos últimos dias, por conta do bom desempenho das cotações na Bolsa de Chicago (CBOT). O Indicador CEPEA/ESALQ (média de cinco regiões do Paraná) da soja em grão aumentou 2,3%, fechando a R$ 45,69/saca de 60 kg na sexta-feira, 20. Para o produto posto porto de Paranaguá, o Indicador ESALQ/BM&FBovespa teve alta de 3%, para R$ 48,18/sc de 60 kg. ', 'data_hora': '2009-03-23', 'Unnamed: 0': 8592, 'qtde_palavras_soja': 4.0}"                                                                                                                                                                                                                                                                                                                                                                                                                                                                                                                                                                                                                                                                                                                                                                                                                                                                                                                                                                                                                                                                                                                                           ,{}   ,2023-04-21 01:03:00.215392+00:00 ,2023-04-22 16:14:09.204839+00:00 ,      88 ,                1 ,                    0 ,                0 ,            0 ,                       0 ,                        ,      1 ,         1 ,[]              , 53 ,           1 ,"[{'id': 'en8N87o6mS', 'type': 'choices', 'value': {'choices': ['Positiva']}, 'origin': 'manual', 'to_name': 'text', 'from_name': 'sentiment'}]"       ,False         ,False        ,2023-04-22T16:14:07.865650Z ,2023-04-22T16:14:07.865670Z ,   8.919              ,{}         ,           0 ,af2d4ccd-9281-4cbb-8d7f-13c417d33b99 ,            ,  88 ,      1 ,         1 ,                  ,                  ,
 66 ,  89 ,0a93ad42-noticias_cepea_soja.csv ,[]                                                                                                                                                                                                                                                                                                                                                                                                                                                                        ,[]          ,"{'ano': '', 'mes': '', 'url': 'https://www.cepea.esalq.usp.br/br/diarias-de-mercado/soja-cepea-valorizacao-do-dolar-eleva-preco-do-grao-no-brasil.aspx', 'data': '', 'titulo': 'SOJA/CEPEA: Valorização do dólar eleva preço do grão no Brasil', 'noticia': 'Cepea, 16/5/2022 – Os preços da soja em grão subiram no Brasil na semana passada.\xa0 Segundo pesquisadores do Cepea, a valorização do dólar frente ao Real atraiu importadores para o Brasil, resultando em aumentos no prêmio de exportação e nos preços domésticos da soja. Agora, as atenções de agentes estão voltadas à temporada 2022/23 no Hemisfério Norte. Segundo o USDA (Departamento de Agricultura dos Estados Unidos), a área mundial a ser cultivada com soja é estimada em 134,93 milhões de hectares, 3,65% maior que na temporada passada e um novo recorde. A produção também é apontada para ser recorde, de 394,69 milhões de toneladas, 13% superior à safra passada. Para o Brasil, a área de soja é prevista pelo USDA em 42 milhões de hectares, um novo recorde, resultando em produção de 149 milhões de toneladas, 19,2% a mais que o estimado para a safra 2021/22 (125 milhões de toneladas). Fonte: Cepea (', 'data_hora': '', 'Unnamed: 0': 6057, 'qtde_palavras_soja': 4.0}"                                                                                                                                                                                                                                                                                                                                                                                                                                                                                                                                                                                                                                                                                                                                                                                                                                                                                                                                                                                                                                                                                                                                                                                                                                  ,{}   ,2023-04-21 01:03:00.215427+00:00 ,2023-04-22 16:14:24.582997+00:00 ,      89 ,                1 ,                    0 ,                0 ,            0 ,                       0 ,                        ,      1 ,         1 ,[]              , 54 ,           1 ,"[{'id': 'fz32tvWgpl', 'type': 'choices', 'value': {'choices': ['Neutra']}, 'origin': 'manual', 'to_name': 'text', 'from_name': 'sentiment'}]"         ,False         ,False        ,2023-04-22T16:14:23.224291Z ,2023-04-22T16:14:23.224308Z ,   8.271              ,{}         ,           0 ,cba4eedd-d66c-4360-9d1d-019b00d99219 ,            ,  89 ,      1 ,         1 ,                  ,                  ,
 67 ,  90 ,0a93ad42-noticias_cepea_soja.csv ,[]                                                                                                                                                                                                                                                                                                                                                                                                                                                                        ,[]          ,"{'ano': 2016.0, 'mes': 6.0, 'url': 'https://www.cepea.esalq.usp.br/br/diarias-de-mercado/soja-cepea-cotacoes-se-enfraquecem-no-br-apos-10-semanas-de-alta.aspx', 'data': '20/06/2016', 'titulo': 'SOJA/CEPEA: Cotações se enfraquecem no BR após 10 semanas de alta', 'noticia': 'Cepea, 20/06/2016 - O movimento de alta nos preços da soja no Brasil, que esteve em ritmo acelerado por cerca de 10 semanas, perdeu força no início da segunda quinzena de junho. Segundo pesquisadores do Cepea, a pressão veio das recentes chuvas no Meio-Oeste dos Estados Unidos, que beneficiaram as lavouras de soja, levando à expectativa de maior produtividade naquele país. A média ponderada da soja no Paraná, refletida no Indicador CEPEA/ESALQ, recuou 0,2% entre 10 e 17 de junho, a R$ 92,13/saca 60 kg na sexta-feira, 17. A queda externa foi compensada em partes pela valorização do dólar na semana passada e também pelos maiores prêmios de exportação da soja brasileira. ', 'data_hora': '2016-06-20', 'Unnamed: 0': 10207, 'qtde_palavras_soja': 4.0}"                                                                                                                                                                                                                                                                                                                                                                                                                                                                                                                                                                                                                                                                                                                                                                                                                                                                                                                                                                                                                                                                                                                                                                                                                                                                                                                                                                                                                                        ,{}   ,2023-04-21 01:03:00.215461+00:00 ,2023-04-22 16:14:38.261958+00:00 ,      90 ,                1 ,                    0 ,                0 ,            0 ,                       0 ,                        ,      1 ,         1 ,[]              , 55 ,           1 ,"[{'id': 'qN92mLPdh8', 'type': 'choices', 'value': {'choices': ['Negativa']}, 'origin': 'manual', 'to_name': 'text', 'from_name': 'sentiment'}]"       ,False         ,False        ,2023-04-22T16:14:36.905195Z ,2023-04-22T16:14:36.905213Z ,   7.15               ,{}         ,           0 ,7fbb21e3-4ffe-4018-b31a-d5e52ccbb508 ,            ,  90 ,      1 ,         1 ,                  ,                  ,
 68 ,  91 ,0a93ad42-noticias_cepea_soja.csv ,[]                                                                                                                                                                                                                                                                                                                                                                                                                                                                        ,[]          ,"{'ano': 2014.0, 'mes': 6.0, 'url': 'https://www.cepea.esalq.usp.br/br/diarias-de-mercado/soja-cepea-cotacoes-recuam-no-brasil-setor-se-atenta-a-safra-dos-eua.aspx', 'data': '16/06/2014', 'titulo': 'SOJA/CEPEA: Cotações recuam no Brasil; setor se atenta à safra dos EUA', 'noticia': 'Cepea, 16/06/2014 - Os preços internos da soja em grão têm caído no mercado brasileiro, pressionados pela queda internacional e pela desvalorização do dólar frente ao Real. Entre 6 e 13 de junho, o Indicador da soja Paranaguá ESALQ/BM&FBovespa, que é baseado em negócios realizados, caiu 1,64%, a R$ 70,83/sc de 60 kg na sexta-feira, 13. A média ponderada das regiões paranaenses, refletida no Indicador CEPEA/ESALQ, teve retração de 2,1% em sete dias, indo para R$ 64,84/sc de 60 kg na sexta. No geral, agentes brasileiros estão atentos ao bom ritmo de cultivo da soja da safra 2014/15 nos Estados Unidos, que deve registrar volume elevado. No Brasil, em relatório divulgado no dia 10, a Conab apontou produção nacional de 86,05 milhões de toneladas de soja na temporada 2013/14, um recorde para o País. Este volume é 0,6% inferior ao do último relatório, devido, principalmente, à quebra de safra em São Paulo e Goiás, diante das condições climáticas desfavoráveis nos principais períodos de desenvolvimento da cultura. ', 'data_hora': '2014-06-16', 'Unnamed: 0': 5779, 'qtde_palavras_soja': 4.0}"                                                                                                                                                                                                                                                                                                                                                                                                                                                                                                                                                                                                                                                                                                                                                                                                                                                                                                                                                                                                                                                                       ,{}   ,2023-04-21 01:03:00.215496+00:00 ,2023-04-22 16:14:51.816047+00:00 ,      91 ,                1 ,                    0 ,                0 ,            0 ,                       0 ,                        ,      1 ,         1 ,[]              , 56 ,           1 ,"[{'id': '2ghtwhhg6z', 'type': 'choices', 'value': {'choices': ['Negativa']}, 'origin': 'manual', 'to_name': 'text', 'from_name': 'sentiment'}]"       ,False         ,False        ,2023-04-22T16:14:50.450662Z ,2023-04-22T16:14:50.450706Z ,   6.884              ,{}         ,           0 ,72eb028a-42e9-483c-9626-cd6a18b2c38d ,            ,  91 ,      1 ,         1 ,                  ,                  ,
 69 ,  92 ,0a93ad42-noticias_cepea_soja.csv ,[]                                                                                                                                                                                                                                                                                                                                                                                                                                                                        ,[]          ,"{'ano': '', 'mes': '', 'url': 'https://www.cepea.esalq.usp.br/br/diarias-de-mercado/soja-cepea-demanda-por-farelo-e-grao-sustenta-precos.aspx', 'data': '', 'titulo': 'SOJA/CEPEA: Demanda por farelo e grão sustenta preços', 'noticia': 'Cepea, 5/5/2014 - A demanda continua dando o tom altista para as cotações de soja em grão e farelo nos mercados interno e externo. Consumidores de farelo de soja em termos mundiais parecem estar com bom apetite, aceitando preços maiores do derivado. Consequentemente, o esmagamento da oleaginosa também aumentou, favorecendo o repasse das cotações para o grão. Assim, o cenário para vendedores só não é melhor porque o preço do óleo de soja tem sido pressionado pelos maiores volume de óleo de palma em estoque. Agora, a expectativa é quanto aos preços internos nos próximos meses. Produtores sinalizam que as vendas estão bem adiantadas, porém, a oferta pode ser menor que a estimada oficialmente. Entre 25 de abril e 2 de maio, o Indicador da soja Paranaguá CEPEA/ESALQ/BM&FBovespa, que é baseado em negócios fechados, teve elevação de 1,4%, a R$ 71,46/sc de 60 kg na sexta-feira, 2. A média mensal de abril foi de R$ 71,11/sc de 60 kg, maior valor desde 2006, quando este Indicador teve início. Ao ser convertido para dólar (moeda prevista nos contratos futuros da BM&FBovespa), o Indicador foi de US$ 32,10/sc de 60 kg, alta de 2,13% no mesmo período. ', 'data_hora': '', 'Unnamed: 0': 5737, 'qtde_palavras_soja': 4.0}"                                                                                                                                                                                                                                                                                                                                                                                                                                                                                                                                                                                                                                                                                                                                                                                                                                                                                                                                                                                           ,{}   ,2023-04-21 01:03:00.215531+00:00 ,2023-04-22 16:15:05.403317+00:00 ,      92 ,                1 ,                    0 ,                0 ,            0 ,                       0 ,                        ,      1 ,         1 ,[]              , 57 ,           1 ,"[{'id': 'tV95h4709Q', 'type': 'choices', 'value': {'choices': ['Positiva']}, 'origin': 'manual', 'to_name': 'text', 'from_name': 'sentiment'}]"       ,False         ,False        ,2023-04-22T16:15:04.017750Z ,2023-04-22T16:15:04.017769Z ,   7.097              ,{}         ,           0 ,81851fd1-9e49-48c4-a3e8-2c83fb8533d6 ,            ,  92 ,      1 ,         1 ,                  ,                  ,
 70 ,  93 ,0a93ad42-noticias_cepea_soja.csv ,[]                                                                                                                                                                                                                                                                                                                                                                                                                                                                        ,[]          ,"{'ano': 2016.0, 'mes': 9.0, 'url': 'https://www.cepea.esalq.usp.br/br/diarias-de-mercado/soja-cepea-quedas-internacionais-pressionam-cotacoes-no-br.aspx', 'data': '26/09/2016', 'titulo': 'SOJA/CEPEA: Quedas internacionais pressionam cotações no BR', 'noticia': 'Cepea, 26/09/2016 - As cotações domésticas na soja caíram na última semana, acompanhando as quedas do dólar e dos contratos do grão na CME Group (Bolsa de Chicago). O avanço da colheita norte-americana e a excelente produtividade nas áreas já colhidas têm pressionado os valores internacionais. Além disso, conforme pesquisadores do Cepea, a atual demanda interna não tem sido suficiente para sustentar os preços da soja no Brasil. Assim, entre 16 e 23 de setembro, o Indicador da soja Paranaguá ESALQ/BM&FBovespa, referente ao grão depositado no corredor de exportação e negociado na modalidade spot (pronta entrega), no porto de Paranaguá (PR), caiu 2,07%, fechando a R$ 78,52/saca de 60 kg na sexta-feira, 23. A média ponderada da soja no Paraná, refletida no Indicador CEPEA/ESALQ, fechou a R$ 75,81/saca 60 kg na sexta, queda de 1,7% no mesmo período. ', 'data_hora': '2016-09-26', 'Unnamed: 0': 4328, 'qtde_palavras_soja': 4.0}"                                                                                                                                                                                                                                                                                                                                                                                                                                                                                                                                                                                                                                                                                                                                                                                                                                                                                                                                                                                                                                                                                                                                                                                                                                                                 ,{}   ,2023-04-21 01:03:00.215567+00:00 ,2023-04-22 16:15:20.988264+00:00 ,      93 ,                1 ,                    0 ,                0 ,            0 ,                       0 ,                        ,      1 ,         1 ,[]              , 58 ,           1 ,"[{'id': 'DFih-ZzTd_', 'type': 'choices', 'value': {'choices': ['Negativa']}, 'origin': 'manual', 'to_name': 'text', 'from_name': 'sentiment'}]"       ,False         ,False        ,2023-04-22T16:15:19.637437Z ,2023-04-22T16:15:19.637457Z ,   5.98               ,{}         ,           0 ,ed2020ab-80a6-48c1-899d-ea0faa27a022 ,            ,  93 ,      1 ,         1 ,                  ,                  ,
 71 ,  94 ,0a93ad42-noticias_cepea_soja.csv ,[]                                                                                                                                                                                                                                                                                                                                                                                                                                                                        ,[]          ,"{'ano': 2016.0, 'mes': 6.0, 'url': 'https://www.cepea.esalq.usp.br/br/diarias-de-mercado/soja-cepea-precos-da-soja-e-do-farelo-atingem-maiores-patamares-desde-dez-12.aspx', 'data': '13/06/2016', 'titulo': 'SOJA/CEPEA: Preços da soja e do farelo atingem maiores patamares desde dez/12', 'noticia': 'Cepea, 13/06/2016 - Os valores da soja em grão e do farelo seguem em alta no mercado nacional, atingindo os maiores patamares reais desde dezembro/12. O Indicador da soja Paranaguá ESALQ/BM&FBovespa, referente ao grão depositado no corredor de exportação e negociado na modalidade spot (pronta entrega), no porto de Paranaguá (PR), teve alta de 1,7% entre 2 e 9 de junho, fechando a R$ 96,30/saca de 60 kg na quinta-feira. Além da intensa demanda por soja brasileira neste ano, os preços elevados são reflexos das condições climáticas desfavoráveis ao cultivo da oleaginosa no Brasil e na Argentina, que resultaram em menor produção e queda na qualidade do grão na safra 2015/16. De janeiro a maio deste ano, o Brasil exportou para a China 23,66 milhões de toneladas de soja em grão, segundo dados da Secex. Esse volume supera em 5,5% a quantidade embarcada pelo Brasil nos primeiros cinco meses de 2015 para todos os destinos (de 22,43 milhões de toneladas). ', 'data_hora': '2016-06-13', 'Unnamed: 0': 10220, 'qtde_palavras_soja': 4.0}"                                                                                                                                                                                                                                                                                                                                                                                                                                                                                                                                                                                                                                                                                                                                                                                                                                                                                                                                                                                                                                                                                                                     ,{}   ,2023-04-21 01:03:00.215603+00:00 ,2023-04-22 16:15:34.014645+00:00 ,      94 ,                1 ,                    0 ,                0 ,            0 ,                       0 ,                        ,      1 ,         1 ,[]              , 59 ,           1 ,"[{'id': 'kZ872Llnnz', 'type': 'choices', 'value': {'choices': ['Positiva']}, 'origin': 'manual', 'to_name': 'text', 'from_name': 'sentiment'}]"       ,False         ,False        ,2023-04-22T16:15:32.650812Z ,2023-04-22T16:15:32.650830Z ,   6.498              ,{}         ,           0 ,c44a0a66-33d4-484b-b5f2-e92a59b60891 ,            ,  94 ,      1 ,         1 ,                  ,                  ,
 72 ,  95 ,0a93ad42-noticias_cepea_soja.csv ,[]                                                                                                                                                                                                                                                                                                                                                                                                                                                                        ,[]          ,"{'ano': 2019.0, 'mes': 5.0, 'url': 'https://www.cepea.esalq.usp.br/br/diarias-de-mercado/soja-cepea-mesmo-com-baixa-externa-precos-voltam-a-subir-no-br.aspx', 'data': '13/05/2019', 'titulo': 'SOJA/CEPEA: Mesmo com baixa externa, preços voltam a subir no BR', 'noticia': 'Cepea,\xa013/05/2019\xa0– Mesmo com a significativa queda nos contratos futuros na CME Group (Bolsa de Chicago) nos últimos dias, os preços de soja voltaram a\xa0subir no mercado brasileiro, segundo dados do Cepea. De acordo com pesquisadores, o impulso esteve atrelado à valorização nos prêmios nacionais e às expectativas de maior demanda da China, cenário que elevou a liquidez no mercado de soja no Brasil.\xa0Entre 3 e 10 de maio, o Indicador ESALQ/BM&FBovespa da soja Paranaguá (PR)\xa0avançou 1,6%, a R$ 74,58/saca de 60 kg no dia 10. No mesmo comparativo, o Indicador CEPEA/ESALQ Paraná registrou aumento de 0,3%, a R$\xa069,38/sc de 60 kg na sexta.\xa0Quanto ao farelo de soja, embora grande parcela de avicultores se mostre abastecida, o movimento baixista vem sendo interrompido pela retração de parte das indústrias, que têm\xa0expectativas de aumento na procura de suinocultores.\xa0', 'data_hora': '2019-05-13', 'Unnamed: 0': 2746, 'qtde_palavras_soja': 4.0}"                                                                                                                                                                                                                                                                                                                                                                                                                                                                                                                                                                                                                                                                                                                                                                                                                                                                                                                                                                                                                                                                                                                                                                                                                 ,{}   ,2023-04-21 01:03:00.215638+00:00 ,2023-04-22 16:15:45.969306+00:00 ,      95 ,                1 ,                    0 ,                0 ,            0 ,                       0 ,                        ,      1 ,         1 ,[]              , 60 ,           1 ,"[{'id': 'vAkAYotJGh', 'type': 'choices', 'value': {'choices': ['Positiva']}, 'origin': 'manual', 'to_name': 'text', 'from_name': 'sentiment'}]"       ,False         ,False        ,2023-04-22T16:15:44.597073Z ,2023-04-22T16:15:44.597092Z ,   5.592              ,{}         ,           0 ,b9e0516f-32ae-404d-ae69-53c32298e213 ,            ,  95 ,      1 ,         1 ,                  ,                  ,
 73 ,  96 ,0a93ad42-noticias_cepea_soja.csv ,[]                                                                                                                                                                                                                                                                                                                                                                                                                                                                        ,[]          ,"{'ano': 2016.0, 'mes': 8.0, 'url': 'https://www.cepea.esalq.usp.br/br/diarias-de-mercado/soja-cepea-baixa-liquidez-e-expectativa-de-boa-safra-nos-eua-pressionam-valores.aspx', 'data': '29/08/2016', 'titulo': 'SOJA/CEPEA: Baixa liquidez e expectativa de boa safra nos EUA pressionam valores', 'noticia': 'Cepea, 29/08/2016 - Os valores da soja em grão voltaram a cair na última semana, influenciados pela baixa liquidez e por expectativas de safra volumosa nos Estados Unidos. Entre 19 e 26 de agosto, o Indicador da soja Paranaguá ESALQ/BM&FBovespa, referente ao grão depositado no corredor de exportação e negociado na modalidade spot (pronta entrega), no porto de Paranaguá (PR), recuou 2,36%, fechando a R$ 81,52/saca de 60 kg na sexta-feira. A média ponderada da soja no Paraná, refletida no Indicador CEPEA/ESALQ, recuou 0,93% no mesmo período, a R$ 78,09/saca 60 kg na sexta. Segundo pesquisadores do Cepea, agricultores brasileiros estão atentos ao clima, temendo atraso nas chuvas em setembro. Caso o clima se mantenha seco, o cultivo de soja pode atrasar. ', 'data_hora': '2016-08-29', 'Unnamed: 0': 4321, 'qtde_palavras_soja': 4.0}"                                                                                                                                                                                                                                                                                                                                                                                                                                                                                                                                                                                                                                                                                                                                                                                                                                                                                                                                                                                                                                                                                                                                                                                                                                                                                                                       ,{}   ,2023-04-21 01:03:00.215673+00:00 ,2023-04-22 16:15:57.577627+00:00 ,      96 ,                1 ,                    0 ,                0 ,            0 ,                       0 ,                        ,      1 ,         1 ,[]              , 61 ,           1 ,"[{'id': '2d4PpNSOBr', 'type': 'choices', 'value': {'choices': ['Negativa']}, 'origin': 'manual', 'to_name': 'text', 'from_name': 'sentiment'}]"       ,False         ,False        ,2023-04-22T16:15:56.208536Z ,2023-04-22T16:15:56.208559Z ,   5.256              ,{}         ,           0 ,d53f8cbb-fc98-4457-abec-dc411c7bbef3 ,            ,  96 ,      1 ,         1 ,                  ,                  ,
 74 ,  97 ,0a93ad42-noticias_cepea_soja.csv ,[]                                                                                                                                                                                                                                                                                                                                                                                                                                                                        ,[]          ,"{'ano': '', 'mes': '', 'url': 'https://www.cepea.esalq.usp.br/br/diarias-de-mercado/soja-cepea-liquidez-aumenta-no-br-mas-a-precos-mais-baixos.aspx', 'data': '', 'titulo': 'SOJA/CEPEA: Liquidez aumenta no BR, mas a preços mais baixos', 'noticia': 'Cepea, 21/8/2017 – Os preços da soja caíram no mercado interno nos últimos dias, refletindo as estimativas de aumento dos estoques de passagem da oleaginosa no País. Além disso, segundo colaboradores do Cepea, parte dos produtores, principalmente do Centro-Oeste, tem ofertado maiores volumes do grão, com o objetivo de liberar espaço nos armazéns para o milho. Nesse cenário de aumento de oferta, tradings aproveitam para adquirir um maior número de lotes para completar cargas, visto que o ritmo das exportações esteve aquecido nas duas primeiras semanas de agosto, elevando a liquidez no mercado doméstico. Apesar do movimento de baixa, a redução dos preços da soja no mercado interno foi limitada pela firme demanda externa, que impulsionou os prêmios de exportação no Brasil. Entre 11 e 18 de agosto, o Indicador da soja ESALQ/BM&FBovespa Paranaguá registrou queda de 1,63%, a R$ 69,48/sc de 60 kg no dia 18. O Indicador CEPEA/ESALQ Paraná recuou 0,75% no mesmo período, fechando a R$ 63,71/sc de 60 kg na sexta-feira. ', 'data_hora': '', 'Unnamed: 0': 3695, 'qtde_palavras_soja': 3.0}"                                                                                                                                                                                                                                                                                                                                                                                                                                                                                                                                                                                                                                                                                                                                                                                                                                                                                                                                                                                                                                                                                                                  ,{}   ,2023-04-21 01:03:00.215708+00:00 ,2023-04-22 16:16:12.853566+00:00 ,      97 ,                1 ,                    0 ,                0 ,            0 ,                       0 ,                        ,      1 ,         1 ,[]              , 62 ,           1 ,"[{'id': 'FynZn6jjOY', 'type': 'choices', 'value': {'choices': ['Neutra']}, 'origin': 'manual', 'to_name': 'text', 'from_name': 'sentiment'}]"         ,False         ,False        ,2023-04-22T16:16:11.426436Z ,2023-04-22T16:16:11.426454Z ,   8.096              ,{}         ,           0 ,028932d0-4789-49ad-a3c9-5becc4c6b6fe ,            ,  97 ,      1 ,         1 ,                  ,                  ,
 75 ,  98 ,0a93ad42-noticias_cepea_soja.csv ,[]                                                                                                                                                                                                                                                                                                                                                                                                                                                                        ,[]          ,"{'ano': 2017.0, 'mes': 1.0, 'url': 'https://www.cepea.esalq.usp.br/br/diarias-de-mercado/soja-cepea-com-queda-do-dolar-e-perspectiva-de-safra-elevada-preco-cai.aspx', 'data': '30/01/2017', 'titulo': 'SOJA/CEPEA: Com queda do dólar e perspectiva de safra elevada, preço cai', 'noticia': 'Cepea, 30/01/2017 – Apesar do alto volume de chuvas deixar produtores em alerta, as expectativas de safra volumosa no Brasil continuam. Conforme pesquisadores do Cepea, esse cenário, aliado à desvalorização do dólar e dos prêmios de exportação, enfraqueceu os valores de soja na última semana. Entre 20 e 27 de janeiro, a média ponderada dos valores da soja no Paraná, refletida no Indicador CEPEA/ESALQ, caiu 3,1%, indo para R$ 71,37/saca de 60 kg na sexta-feira, 27. O Indicador da soja Paranaguá ESALQ/BM&FBovespa, referente ao grão depositado no corredor de exportação e negociado na modalidade spot (pronta entrega), no porto de Paranaguá (PR), foi para R$ 76,08/sc de 60 kg, queda de 3,2% em sete dias. ', 'data_hora': '2017-01-30', 'Unnamed: 0': 3983, 'qtde_palavras_soja': 3.0}"                                                                                                                                                                                                                                                                                                                                                                                                                                                                                                                                                                                                                                                                                                                                                                                                                                                                                                                                                                                                                                                                                                                                                                                                                                                                                                                                                                                            ,{}   ,2023-04-21 01:03:00.215743+00:00 ,2023-04-22 16:17:19.640725+00:00 ,      98 ,                1 ,                    0 ,                0 ,            0 ,                       0 ,                        ,      1 ,         1 ,[]              , 65 ,           1 ,"[{'id': 'pZkOS4AGsO', 'type': 'choices', 'value': {'choices': ['Negativa']}, 'origin': 'manual', 'to_name': 'text', 'from_name': 'sentiment'}]"       ,False         ,False        ,2023-04-22T16:17:18.287757Z ,2023-04-22T16:17:18.287775Z ,   7.28               ,{}         ,           0 ,9ae971e4-767c-4d2d-9b73-920ebe0241c5 ,            ,  98 ,      1 ,         1 ,                  ,                  ,
 76 ,  99 ,0a93ad42-noticias_cepea_soja.csv ,"[{'id': 5, 'user': 'maycon.mota@ufms.br', 'created_username': 'maycon.mota@ufms.br, 1', 'created_ago': '4\xa0days, 11\xa0hours', 'result': [{'id': '79tmg_hJ49', 'type': 'choices', 'value': {'choices': ['Negativa']}, 'origin': 'manual', 'to_name': 'text', 'from_name': 'sentiment'}], 'lead_time': 10.932, 'was_postponed': False, 'created_at': '2023-04-22T16:16:39.801256Z', 'updated_at': '2023-04-22T16:16:39.801271Z', 'task': 99, 'annotation': None}]"      ,[]          ,"{'ano': 2022.0, 'mes': 9.0, 'url': 'https://www.cepea.esalq.usp.br/br/diarias-de-mercado/ovos-cepea-poder-de-compra-do-avicultor-recua-nesta-parcial-de-setembro.aspx', 'data': '19/09/2022', 'titulo': 'OVOS/CEPEA: Poder de compra do avicultor recua nesta parcial de setembro', 'noticia': 'Cepea, 19/09/2022 – Os preços dos ovos recuaram na primeira quinzena de setembro, enquanto os valores dos principais insumos da atividade, milho e farelo de soja, subiram. Esse cenário tem resultado na diminuição do poder de compra do avicultor frente a esses insumos. Dados do Cepea mostram que, na primeira metade deste mês, o avicultor de Bastos (SP) pôde comprar 108,29 quilos de milho ou 57,77 quilos de farelo de soja com a venda de uma caixa de ovos brancos tipo extra, quantidades 1,6% e 0,8%, respectivamente, inferiores às observadas em agosto. No caso do produto vermelho, na mesma comparação, o produtor conseguiu adquirir 63,93 quilos do derivado de soja ou 119,84 quilos do cereal, volumes 3,4% e 4,2% menores do que os registrados em agosto. Fonte: Cepea (www.cepea.esalq.usp.br)', 'data_hora': '2022-09-19', 'Unnamed: 0': 3481, 'qtde_palavras_soja': 3.0}"                                                                                                                                                                                                                                                                                                                                                                                                                                                                                                                                                                                                                                                                                                                                                                                                                                                                                                                                                                                                                                                                                                                                                                                                                                                                                                      ,{}   ,2023-04-21 01:03:00.215791+00:00 ,2023-04-22 16:16:41.782928+00:00 ,      99 ,                1 ,                    0 ,                0 ,            0 ,                       0 ,                        ,      1 ,         1 ,[]              , 63 ,           1 ,"[{'id': '79tmg_hJ49', 'type': 'choices', 'value': {'choices': ['Negativa']}, 'origin': 'manual', 'to_name': 'text', 'from_name': 'sentiment'}]"       ,False         ,False        ,2023-04-22T16:16:40.451398Z ,2023-04-22T16:16:40.451417Z ,  11.521              ,{}         ,           0 ,aa71e87a-f69f-422b-ba12-760a50f0afc1 ,            ,  99 ,      1 ,         1 ,                  ,                  ,
 77 , 100 ,0a93ad42-noticias_cepea_soja.csv ,[]                                                                                                                                                                                                                                                                                                                                                                                                                                                                        ,[]          ,"{'ano': 2022.0, 'mes': 9.0, 'url': 'https://www.cepea.esalq.usp.br/br/diarias-de-mercado/soja-cepea-menor-demanda-reduz-precos-do-oleo-de-soja.aspx', 'data': '19/09/2022', 'titulo': 'SOJA/CEPEA: Menor demanda reduz preços do óleo de soja', 'noticia': 'Cepea, 19/09/2022 – Os preços do óleo de soja estão em queda no Brasil, já operando nos menores patamares do ano. Segundo pesquisadores do Cepea, a pressão vem da baixa demanda por óleo de soja, sobretudo para a produção de biodiesel, e da maior disponibilidade do derivado na Argentina. Quanto à soja em grão, as cotações foram sustentadas na semana passada pelas valorizações externa e cambial. Pesquisadores do Cepea indicam que, agora, com o encerramento do período de vazio sanitário em muitos estados, agentes se atentam ao campo brasileiro. Produtores da região oeste do Paraná já iniciam a semeadura na safra 2022/23. A produção brasileira é estimada pelo USDA em volume recorde, de 149 milhões de toneladas, 18,25% acima da temporada anterior. Fonte: Cepea (www.cepea.esalq.usp.br)', 'data_hora': '2022-09-19', 'Unnamed: 0': 3483, 'qtde_palavras_soja': 3.0}"                                                                                                                                                                                                                                                                                                                                                                                                                                                                                                                                                                                                                                                                                                                                                                                                                                                                                                                                                                                                                                                                                                                                                                                                                                                                                                                                              ,{}   ,2023-04-21 01:03:00.215833+00:00 ,2023-04-22 16:17:05.956604+00:00 ,     100 ,                1 ,                    0 ,                0 ,            0 ,                       0 ,                        ,      1 ,         1 ,[]              , 64 ,           1 ,"[{'id': 'Sr2g53ktgL', 'type': 'choices', 'value': {'choices': ['Neutra']}, 'origin': 'manual', 'to_name': 'text', 'from_name': 'sentiment'}]"         ,False         ,False        ,2023-04-22T16:17:04.622568Z ,2023-04-22T16:17:04.622617Z ,  10.896              ,{}         ,           0 ,13817d3e-fe71-4adf-a9ad-317e67bbbf7f ,            , 100 ,      1 ,         1 ,                  ,                  ,
 78 , 101 ,0a93ad42-noticias_cepea_soja.csv ,[]                                                                                                                                                                                                                                                                                                                                                                                                                                                                        ,[]          ,"{'ano': 2022.0, 'mes': 9.0, 'url': 'https://www.cepea.esalq.usp.br/br/diarias-de-mercado/suinos-cepea-poder-de-compra-do-suinocultor-cai-em-setembro.aspx', 'data': '21/09/2022', 'titulo': 'SUÍNOS/CEPEA: Poder de compra do suinocultor cai em setembro', 'noticia': 'Cepea, 21/09/2022 – O poder de compra do suinocultor frente ao milho e ao farelo de soja recuou nesta parcial de setembro frente ao do mês anterior, interrompendo o movimento de avanço que vinha sendo observado desde março deste ano. Segundo pesquisadores do Cepea, esse cenário é resultado das valorizações do milho e do farelo de soja e dos recuos nos preços do suíno vivo no mercado independente. Assim, considerando-se o suíno negociado na região SP-5 e os insumos comercializados no mercado de lotes da região de Campinas, o suinocultor paulista pode comprar 5,02 quilos de milho com a venda de um quilo de animal nesta parcial de setembro (até o dia 20), quantidade 5,5% menor que a de agosto. De farelo de soja, o suinocultor consegue adquirir 2,67 quilos, recuo mensal de 4,9%. Fonte: Cepea (www.cepea.esalq.usp.br)', 'data_hora': '2022-09-21', 'Unnamed: 0': 3473, 'qtde_palavras_soja': 3.0}"                                                                                                                                                                                                                                                                                                                                                                                                                                                                                                                                                                                                                                                                                                                                                                                                                                                                                                                                                                                                                                                                                                                                                                                                                                                                                                 ,{}   ,2023-04-21 01:03:00.215870+00:00 ,2023-04-22 16:29:15.593723+00:00 ,     101 ,                1 ,                    0 ,                0 ,            0 ,                       0 ,                        ,      1 ,         1 ,[]              , 67 ,           1 ,"[{'id': 'uYcDnekiCg', 'type': 'choices', 'value': {'choices': ['Negativa']}, 'origin': 'manual', 'to_name': 'text', 'from_name': 'sentiment'}]"       ,False         ,False        ,2023-04-22T16:29:14.263749Z ,2023-04-22T16:29:14.263778Z , 101.233              ,{}         ,           0 ,0971a2e0-2b0d-4529-bafe-69390fa1244b ,            , 101 ,      1 ,         1 ,                  ,                  ,
 79 , 102 ,0a93ad42-noticias_cepea_soja.csv ,[]                                                                                                                                                                                                                                                                                                                                                                                                                                                                        ,[]          ,"{'ano': 2009.0, 'mes': 5.0, 'url': 'https://www.cepea.esalq.usp.br/br/diarias-de-mercado/soja-precos-tem-ligeira-queda-em-sete-dias.aspx', 'data': '25/05/2009', 'titulo': 'SOJA: Preços têm ligeira queda em sete dias', 'noticia': 'Cepea, 25/05/2009 -\xa0Os preços da soja no mercado interno tiveram ligeira queda nos últimos dias. Segundo análise do Cepea, o recuo esteve atrelado principalmente à valorização do Real frente ao dólar, de 3,93%, entre 15 e 22 de maio (R$ 2,027 na sexta-feira, 22). Além disso, os prêmios de soja para o porto de Paranaguá apresentaram forte queda na semana passada, pressionando as cotações internas. Nos últimos sete dias, o Indicador CEPEA/ESALQ (média de cinco regiões do Paraná) da soja em grão teve baixa de 0,23%, fechando a R$ 50,75/saca de 60 kg nessa sexta-feira, 22. O Indicador ESALQ/BM&FBovespa (produto posto porto de Paranaguá) recuou 0,93%, a R$ 53,01/sc de 60 kg nessa sexta. ', 'data_hora': '2009-05-25', 'Unnamed: 0': 8483, 'qtde_palavras_soja': 3.0}"                                                                                                                                                                                                                                                                                                                                                                                                                                                                                                                                                                                                                                                                                                                                                                                                                                                                                                                                                                                                                                                                                                                                                                                                                                                                                                                                                                                                                                                                    ,{}   ,2023-04-21 01:03:00.215906+00:00 ,2023-04-22 16:29:30.648957+00:00 ,     102 ,                1 ,                    0 ,                0 ,            0 ,                       0 ,                        ,      1 ,         1 ,[]              , 68 ,           1 ,"[{'id': 'ovwYAxGtkQ', 'type': 'choices', 'value': {'choices': ['Negativa']}, 'origin': 'manual', 'to_name': 'text', 'from_name': 'sentiment'}]"       ,False         ,False        ,2023-04-22T16:29:29.264814Z ,2023-04-22T16:29:29.264838Z ,   7.55               ,{}         ,           0 ,075b5b08-0aa5-4a6c-bfdf-de79361e86da ,            , 102 ,      1 ,         1 ,                  ,                  ,
 80 , 103 ,0a93ad42-noticias_cepea_soja.csv ,[]                                                                                                                                                                                                                                                                                                                                                                                                                                                                        ,[]          ,"{'ano': 2009.0, 'mes': 4.0, 'url': 'https://www.cepea.esalq.usp.br/br/diarias-de-mercado/soja-indicadores-sobem-4-em-sete-dias.aspx', 'data': '22/04/2009', 'titulo': 'SOJA: Indicadores sobem 4% em sete dias', 'noticia': 'Cepea, 22/04/2009 -\xa0Os preços internos da soja seguiram em alta nos últimos dias, mesmo com o avanço da colheita no Brasil. A sustentação veio do mercado internacional. Além do surpreendente aumento da demanda chinesa pela soja, novas estimativas apontam menor produção do grão na Argentina. Entre 13 e 20 de abril, o Indicador CEPEA/ESALQ (média de cinco regiões do Paraná) da soja em grão teve alta de 4,3%, fechando a R$ 49,21/sc de 60 kg nessa segunda-feira. Para o Indicador ESALQ/BM&FBovespa (produto posto porto de Paranaguá) houve também alta de 4,2% nos últimos sete dias, fechando a R$ 51,50/sc de 60 kg nessa segunda-feira, 20. ', 'data_hora': '2009-04-22', 'Unnamed: 0': 8548, 'qtde_palavras_soja': 3.0}"                                                                                                                                                                                                                                                                                                                                                                                                                                                                                                                                                                                                                                                                                                                                                                                                                                                                                                                                                                                                                                                                                                                                                                                                                                                                                                                                                                                                                                                                                                                                 ,{}   ,2023-04-21 01:03:00.215941+00:00 ,2023-04-22 16:29:45.784396+00:00 ,     103 ,                1 ,                    0 ,                0 ,            0 ,                       0 ,                        ,      1 ,         1 ,[]              , 69 ,           1 ,"[{'id': 'ZzTaeSjSq1', 'type': 'choices', 'value': {'choices': ['Positiva']}, 'origin': 'manual', 'to_name': 'text', 'from_name': 'sentiment'}]"       ,False         ,False        ,2023-04-22T16:29:44.448667Z ,2023-04-22T16:29:44.448689Z ,   7.861              ,{}         ,           0 ,d2da1790-9a5b-462a-ac40-04f2298a2ca7 ,            , 103 ,      1 ,         1 ,                  ,                  ,
 81 , 104 ,0a93ad42-noticias_cepea_soja.csv ,[]                                                                                                                                                                                                                                                                                                                                                                                                                                                                        ,[]          ,"{'ano': '', 'mes': '', 'url': 'https://www.cepea.esalq.usp.br/br/diarias-de-mercado/soja-cepea-grao-se-valoriza-mais-que-derivados-reduzindo-margem-da-industria.aspx', 'data': '', 'titulo': 'SOJA/CEPEA: Grão se valoriza mais que derivados, reduzindo margem da indústria', 'noticia': 'Cepea, 31/7/2017 – Embora os preços da soja em grão não tenham registrado reações significativas nos últimos dias, na parcial de julho, os valores da oleaginosa registraram altas mais acentuadas que as cotações dos derivados, farelo e óleo de soja, o que reduziu a margem de lucro das indústrias. Segundo pesquisadores do Cepea, esse cenário está atrelado à retração de sojicultores brasileiros das vendas envolvendo grandes lotes, visto que o processamento da oleaginosa pode aumentar no Brasil – por conta de uma maior demanda por óleo. Além disso, há incertezas quanto à qualidade da soja nos Estados Unidos e expectativas de valorização do dólar frente ao Real. Cepea – ', 'data_hora': '', 'Unnamed: 0': 3703, 'qtde_palavras_soja': 3.0}"                                                                                                                                                                                                                                                                                                                                                                                                                                                                                                                                                                                                                                                                                                                                                                                                                                                                                                                                                                                                                                                                                                                                                                                                                                                                                                                                                                                                                                            ,{}   ,2023-04-21 01:03:00.215976+00:00 ,2023-04-22 16:30:36.545876+00:00 ,     104 ,                1 ,                    0 ,                0 ,            0 ,                       0 ,                        ,      1 ,         1 ,[]              , 70 ,           1 ,"[{'id': 'lzEpa54wtV', 'type': 'choices', 'value': {'choices': ['Neutra']}, 'origin': 'manual', 'to_name': 'text', 'from_name': 'sentiment'}]"         ,False         ,False        ,2023-04-22T16:30:35.152096Z ,2023-04-22T16:30:35.152114Z ,  16.913              ,{}         ,           0 ,cfd0633e-d59b-42c8-9406-a5c957bd1d87 ,            , 104 ,      1 ,         1 ,                  ,                  ,
 82 , 105 ,0a93ad42-noticias_cepea_soja.csv ,[]                                                                                                                                                                                                                                                                                                                                                                                                                                                                        ,[]          ,"{'ano': '', 'mes': '', 'url': 'https://www.cepea.esalq.usp.br/br/diarias-de-mercado/suinos-cepea-com-alta-dos-insumos-e-queda-do-vivo-poder-de-compra-do-suinocultor-diminui.aspx', 'data': '', 'titulo': 'SUÍNOS/CEPEA: Com alta dos insumos e queda do vivo, poder de compra do suinocultor diminui', 'noticia': 'Cepea, 19/102/17 – Enquanto os preços dos principais componentes da ração animal (soja e milho) estão em alta, as cotações do suíno vivo têm registrado queda em outubro. Nesse cenário, o poder de compra dos produtores diminuiu. Em São Paulo, o recuo foi de 8% frente ao milho e de 7,5% frente ao farelo de soja neste mês (até o dia 18). Segundo colaboradores do Cepea, as desvalorizações do animal vivo no mercado independente estão atreladas à baixa liquidez. Na região SP-5 (Bragança Paulista, Campinas, Piracicaba, São Paulo e Sorocaba), o preço do vivo teve média de R$ 4,09/kg nessa quarta-feira, 18, baixa de 2% no acumulado do mês. Quanto ao milho, segundo a Equipe Grãos/Cepea, as altas refletem o aumento da procura e expectativas de menor oferta na safra 17/18. No mercado de farelo de soja, por sua vez, a firme demanda interna e a retração de vendedores é que têm impulsionado as cotações. ', 'data_hora': '', 'Unnamed: 0': 3528, 'qtde_palavras_soja': 3.0}"                                                                                                                                                                                                                                                                                                                                                                                                                                                                                                                                                                                                                                                                                                                                                                                                                                                                                                                                                                                                                                                                                                                                                                                ,{}   ,2023-04-21 01:03:00.216012+00:00 ,2023-04-22 16:30:50.166778+00:00 ,     105 ,                1 ,                    0 ,                0 ,            0 ,                       0 ,                        ,      1 ,         1 ,[]              , 71 ,           1 ,"[{'id': '3d285KkORI', 'type': 'choices', 'value': {'choices': ['Negativa']}, 'origin': 'manual', 'to_name': 'text', 'from_name': 'sentiment'}]"       ,False         ,False        ,2023-04-22T16:30:48.824384Z ,2023-04-22T16:30:48.824402Z ,   6.973              ,{}         ,           0 ,28bd67c4-3ba0-4b83-b31f-ffff74ec2319 ,            , 105 ,      1 ,         1 ,                  ,                  ,
 83 , 106 ,0a93ad42-noticias_cepea_soja.csv ,[]                                                                                                                                                                                                                                                                                                                                                                                                                                                                        ,[]          ,"{'ano': 2009.0, 'mes': 5.0, 'url': 'https://www.cepea.esalq.usp.br/br/diarias-de-mercado/soja-quebra-da-safra-argentina-favorece-mercado-brasileiro.aspx', 'data': '11/05/2009', 'titulo': 'SOJA: Quebra da safra argentina favorece mercado brasileiro', 'noticia': 'Cepea, 11/05/2009 -\xa0Os preços da soja estiveram em alta na última semana, segundo pesquisas do Cepea. Entre 30 de abril e 8 de maio, O Indicador CEPEA/ESALQ (média de cinco regiões do Paraná) da soja em grão subiu 1,7%, fechando a R$ 49,65/sc de 60 kg na sexta-feira, 8. O Indicador ESALQ/BM&FBovespa (produto posto porto de Paranaguá) também teve ligeiro aumento de 0,37%, a R$ 51,53/sc de 60 kg no período. O mercado brasileiro, bem como o norte-americano, tem sido beneficiado com a quebra da safra argentina. Entre janeiro e abril, as exportações brasileiras de soja em grão superaram 46,14% o volume embarcado no mesmo período do ano passado, totalizando 8,4 milhões de toneladas. ', 'data_hora': '2009-05-11', 'Unnamed: 0': 8520, 'qtde_palavras_soja': 3.0}"                                                                                                                                                                                                                                                                                                                                                                                                                                                                                                                                                                                                                                                                                                                                                                                                                                                                                                                                                                                                                                                                                                                                                                                                                                                                                                                                                                                                                                         ,{}   ,2023-04-21 01:03:00.216047+00:00 ,2023-04-22 16:31:20.248131+00:00 ,     106 ,                1 ,                    0 ,                0 ,            0 ,                       0 ,                        ,      1 ,         1 ,[]              , 73 ,           1 ,"[{'id': 'ZVJsvqaA-h', 'type': 'choices', 'value': {'choices': ['Positiva']}, 'origin': 'manual', 'to_name': 'text', 'from_name': 'sentiment'}]"       ,False         ,False        ,2023-04-22T16:31:18.927396Z ,2023-04-22T16:31:18.927446Z ,   1.411              ,{}         ,           0 ,58170fc7-4aec-46df-9138-4b89131e1ea6 ,            , 106 ,      1 ,         1 ,                  ,                  ,
 84 , 107 ,0a93ad42-noticias_cepea_soja.csv ,[]                                                                                                                                                                                                                                                                                                                                                                                                                                                                        ,[]          ,"{'ano': '', 'mes': '', 'url': 'https://www.cepea.esalq.usp.br/br/diarias-de-mercado/soja-cepea-preco-do-oleo-sobe-no-br-enquanto-graos-e-farelo-estao-em-queda.aspx', 'data': '', 'titulo': 'SOJA/CEPEA: Cotações do óleo sobem no BR, enquanto grãos e farelo estão em queda', 'noticia': 'Cepea, 26/6/2017 – Os preços do óleo de soja estão em alta no Brasil, atingindo os maiores patamares desde fevereiro deste ano, em termos nominais. O aumento dos valores está atrelado à firme demanda doméstica, principalmente do setor de biodiesel, e ao crescimento das exportações. Na contramão deste movimento, as cotações da soja em grão e do farelo vêm se enfraquecendo, refletindo a redução dos embarques brasileiros e expectativas de estoques elevados no fim da temporada 2016/17, o que tem deixado compradores cautelosos nas negociações. Além disso, a maior oferta na Argentina e expectativas de safra volumosa na temporada 2017/18 dos Estados Unidos também têm pressionado os valores no Brasil. O Indicador CEPEA/ESALQ Paraná caiu 1,44% entre 16 e 23 de junho, fechando a R$ 63,18/sc de 60 kg na sexta-feira, 23. O Indicador da soja ESALQ/BM&FBovespa Paranaguá cedeu 1,57% no período, a R$ 68,44/sc de 60 kg no dia 23. ', 'data_hora': '', 'Unnamed: 0': 3775, 'qtde_palavras_soja': 3.0}"                                                                                                                                                                                                                                                                                                                                                                                                                                                                                                                                                                                                                                                                                                                                                                                                                                                                                                                                                                                                                                                                                                                                                                               ,{}   ,2023-04-21 01:03:00.216083+00:00 ,2023-04-22 16:31:12.064598+00:00 ,     107 ,                1 ,                    0 ,                0 ,            0 ,                       0 ,                        ,      1 ,         1 ,[]              , 72 ,           1 ,"[{'id': 'Yh0Og6XQ1c', 'type': 'choices', 'value': {'choices': ['Negativa']}, 'origin': 'manual', 'to_name': 'text', 'from_name': 'sentiment'}]"       ,False         ,False        ,2023-04-22T16:31:10.663427Z ,2023-04-22T16:31:10.663464Z ,   7.422              ,{}         ,           0 ,67bf189c-ffd0-4b54-9a7b-122d18cbde9b ,            , 107 ,      1 ,         1 ,                  ,                  ,
 85 , 108 ,0a93ad42-noticias_cepea_soja.csv ,[]                                                                                                                                                                                                                                                                                                                                                                                                                                                                        ,[]          ,"{'ano': 2022.0, 'mes': 8.0, 'url': 'https://www.cepea.esalq.usp.br/br/diarias-de-mercado/soja-cepea-indicadores-voltam-a-subir.aspx', 'data': '29/08/2022', 'titulo': 'SOJA/CEPEA: Indicadores voltam a subir', 'noticia': 'Cepea, 29/08/2022 – A alta externa, o prêmio de exportação elevado e a retração de produtores em comercializar o remanescente da safra 2021/22 no Brasil fizeram com que os preços da soja reagissem na semana passada. Além disso, segundo pesquisadores do Cepea, a maior demanda internacional, sobretudo, da China, aqueceu a disputa pela soja com agentes nacionais. Os Indicadores ESALQ/BM&FBovespa – Paranaguá (PR) e\xa0CEPEA/ESALQ – Paraná da soja registraram respectivos fechamentos de R$\xa0189,54/sc e de\xa0R$\xa0183,83/sc de 60 kg nessa sexta-feira, 26, com aumentos de 2,46% e de 2,3%, na mesma ordem, entre 19 e de 26 de agosto. Fonte: Cepea (', 'data_hora': '2022-08-29', 'Unnamed: 0': 3976, 'qtde_palavras_soja': 3.0}"                                                                                                                                                                                                                                                                                                                                                                                                                                                                                                                                                                                                                                                                                                                                                                                                                                                                                                                                                                                                                                                                                                                                                                                                                                                                                                                                                                                                                                                                                                                           ,{}   ,2023-04-21 01:03:00.216118+00:00 ,2023-04-22 16:31:34.032559+00:00 ,     108 ,                1 ,                    0 ,                0 ,            0 ,                       0 ,                        ,      1 ,         1 ,[]              , 74 ,           1 ,"[{'id': 'aBLOUSg5Jb', 'type': 'choices', 'value': {'choices': ['Positiva']}, 'origin': 'manual', 'to_name': 'text', 'from_name': 'sentiment'}]"       ,False         ,False        ,2023-04-22T16:31:32.701661Z ,2023-04-22T16:31:32.701680Z ,   6.419              ,{}         ,           0 ,f7cf13c4-8ec0-41b7-a692-632fa6c92b47 ,            , 108 ,      1 ,         1 ,                  ,                  ,
 86 , 109 ,0a93ad42-noticias_cepea_soja.csv ,[]                                                                                                                                                                                                                                                                                                                                                                                                                                                                        ,[]          ,"{'ano': '', 'mes': '', 'url': 'https://www.cepea.esalq.usp.br/br/diarias-de-mercado/soja-cepea-com-maior-oferta-no-br-e-ar-e-clima-favoravel-nos-eua-preco-cai.aspx', 'data': '', 'titulo': 'SOJA/CEPEA: Com maior oferta no BR e AR e clima favorável nos EUA, preço cai', 'noticia': 'Cepea, 02 – Os preços domésticos da soja caíram com força nos últimos dias, voltando aos patamares observados em abril – os menores desde julho/10, em termos reais. Depois da recuperação em parte do mês de maio, as cotações voltaram a ser pressionadas pela maior oferta no Brasil e na Argentina e por condições climáticas favoráveis ao cultivo da oleaginosa nos Estados Unidos, conforme pesquisadores do Cepea. A demanda enfraquecida também pressionou os valores internos do grão. Na sexta-feira, 2, o Indicador da soja ESALQ/BM&FBovespa Paranaguá fechou a R$ 67,37/sc de 60 kg, baixa de 2,2% em sete dias. O Indicador CEPEA/ESALQ Paraná também caiu 2,2% na mesma comparação, fechando a R$ 62,19/sc de 60 kg no dia 2. Em maio, entretanto, as médias mensais de ambos os Indicadores da soja subiram 4,7% em relação a abril. ', 'data_hora': '', 'Unnamed: 0': 3959, 'qtde_palavras_soja': 3.0}"                                                                                                                                                                                                                                                                                                                                                                                                                                                                                                                                                                                                                                                                                                                                                                                                                                                                                                                                                                                                                                                                                                                                                                                                                                                                                            ,{}   ,2023-04-21 01:03:00.216153+00:00 ,2023-04-22 16:31:48.711493+00:00 ,     109 ,                1 ,                    0 ,                0 ,            0 ,                       0 ,                        ,      1 ,         1 ,[]              , 75 ,           1 ,"[{'id': '4-tPpcMIvd', 'type': 'choices', 'value': {'choices': ['Negativa']}, 'origin': 'manual', 'to_name': 'text', 'from_name': 'sentiment'}]"       ,False         ,False        ,2023-04-22T16:31:47.353944Z ,2023-04-22T16:31:47.353962Z ,   7.939              ,{}         ,           0 ,24744504-f64c-4af1-ae14-0d096eb5fa13 ,            , 109 ,      1 ,         1 ,                  ,                  ,
 87 , 110 ,0a93ad42-noticias_cepea_soja.csv ,[]                                                                                                                                                                                                                                                                                                                                                                                                                                                                        ,[]          ,"{'ano': 2017.0, 'mes': 10.0, 'url': 'https://www.cepea.esalq.usp.br/br/diarias-de-mercado/soja-cepea-exportacao-limita-quedas-no-brasil.aspx', 'data': '9/10/2017', 'titulo': 'SOJA/CEPEA: Exportação limita quedas no Brasil', 'noticia': 'Cepea, 9/10/2017 – Os valores da soja têm registrado quedas no mercado brasileiro, pressionados pelo dólar mais fraco frente ao Real e pelo avanço do semeio no Brasil. Entretanto, segundo pesquisadores do Cepea, os recuos têm sido limitados pela alta nos preços futuros nos Estados Unidos e pela firme demanda externa, que sustentam os prêmios domésticos. O volume de soja embarcado em setembro, de 4,27 milhões de toneladas, foi recorde para o mês, assim como em agosto (Secex). Quanto aos derivados, os embarques recuaram de agosto para setembro, devido à concorrência com a Argentina, o principal exportador de farelo e óleo de soja. Com isso, parte das indústrias brasileiras interromperam as atividades para manutenção, reduzindo o excedente no mercado interno. ', 'data_hora': '2017-10-09', 'Unnamed: 0': 3539, 'qtde_palavras_soja': 3.0}"                                                                                                                                                                                                                                                                                                                                                                                                                                                                                                                                                                                                                                                                                                                                                                                                                                                                                                                                                                                                                                                                                                                                                                                                                                                                                                                                                                                     ,{}   ,2023-04-21 01:03:00.216188+00:00 ,2023-04-22 16:32:07.186473+00:00 ,     110 ,                1 ,                    0 ,                0 ,            0 ,                       0 ,                        ,      1 ,         1 ,[]              , 76 ,           1 ,"[{'id': 'tjoHc9DXjf', 'type': 'choices', 'value': {'choices': ['Neutra']}, 'origin': 'manual', 'to_name': 'text', 'from_name': 'sentiment'}]"         ,False         ,False        ,2023-04-22T16:32:05.844688Z ,2023-04-22T16:32:05.844708Z ,   6.77               ,{}         ,           0 ,53566e10-dbd2-4e2a-b952-3b56990db1d4 ,            , 110 ,      1 ,         1 ,                  ,                  ,
 88 , 111 ,0a93ad42-noticias_cepea_soja.csv ,[]                                                                                                                                                                                                                                                                                                                                                                                                                                                                        ,[]          ,"{'ano': 2009.0, 'mes': 4.0, 'url': 'https://www.cepea.esalq.usp.br/br/diarias-de-mercado/soja-cotacao-interna-recua-na-sexta.aspx', 'data': '27/04/2009', 'titulo': 'SOJA: Cotação interna recua na sexta', 'noticia': 'Cepea, 27/04/2009 -\xa0Os preços da soja subiram na maior parte da última semana, segundo pesquisas do Cepea. Na sexta-feira, 24, contudo, a desvalorização do dólar frente ao Real pressionou as cotações internas. Entre 17 e 24 de abril, o Indicador CEPEA/ESALQ (média de cinco regiões do Paraná) da soja em grão teve ligeira queda de 0,34%, fechando a R$ 49,17/sc de 60 kg. O Indicador ESALQ/BM&FBovespa (produto posto porto de Paranaguá) apresentou decréscimo de 1,38%, fechando a R$ 51,18/sc de 60 kg na última sexta-feira, 24. As quedas dos preços externos na Bolsa de Chicago não foram suficientes para causar abalo nas cotações da soja no Brasil no início da semana passada. A demanda externa pela oleaginosa, especialmente da China, deu sustentação aos preços brasileiros naquele período. ', 'data_hora': '2009-04-27', 'Unnamed: 0': 8542, 'qtde_palavras_soja': 3.0}"                                                                                                                                                                                                                                                                                                                                                                                                                                                                                                                                                                                                                                                                                                                                                                                                                                                                                                                                                                                                                                                                                                                                                                                                                                                                                                                                                                             ,{}   ,2023-04-21 01:03:00.216224+00:00 ,2023-04-22 16:32:22.779494+00:00 ,     111 ,                1 ,                    0 ,                0 ,            0 ,                       0 ,                        ,      1 ,         1 ,[]              , 77 ,           1 ,"[{'id': 'h_gClVWfYc', 'type': 'choices', 'value': {'choices': ['Neutra']}, 'origin': 'manual', 'to_name': 'text', 'from_name': 'sentiment'}]"         ,False         ,False        ,2023-04-22T16:32:21.420935Z ,2023-04-22T16:32:21.420954Z ,   7.073              ,{}         ,           0 ,346d1028-cb90-4812-bdbd-7b8f447b4936 ,            , 111 ,      1 ,         1 ,                  ,                  ,
 89 , 112 ,0a93ad42-noticias_cepea_soja.csv ,[]                                                                                                                                                                                                                                                                                                                                                                                                                                                                        ,[]          ,"{'ano': 2022.0, 'mes': 1.0, 'url': 'https://www.cepea.esalq.usp.br/br/diarias-de-mercado/soja-cepea-clima-desfavoravel-reduz-producao-nacional.aspx', 'data': '10/01/2022', 'titulo': 'SOJA/CEPEA: Clima desfavorável reduz produção nacional', 'noticia': 'Cepea, 10/01/2022 – Produtores do oeste do Paraná e do norte de Mato Grosso iniciaram a colheita da soja da safra 2021/22. Pesquisadores do Cepea alertam, contudo, que a continuidade do clima desfavorável em importantes regiões produtoras de soja do Brasil tem feito crescer as expectativas de forte queda na produção. Enquanto na metade Norte do País as chuvas estão em excesso, no Sul e em parte de Mato Grosso do Sul, o clima está predominantemente seco. Diante disso, entidades governamentais e consultorias já vêm reduzindo as estimativas de produção para a atual temporada e os preços internos e externos da soja estão sendo impulsionados. Na semana passada, o Indicador CEPEA/ESALQ – Paraná atingiu recorde nominal da série do Cepea, iniciada em julho de 1997. Fonte: Cepea (', 'data_hora': '2022-01-10', 'Unnamed: 0': 8374, 'qtde_palavras_soja': 3.0}"                                                                                                                                                                                                                                                                                                                                                                                                                                                                                                                                                                                                                                                                                                                                                                                                                                                                                                                                                                                                                                                                                                                                                                                                                                                                                                                                                      ,{}   ,2023-04-21 01:03:00.216260+00:00 ,2023-04-22 16:32:45.854782+00:00 ,     112 ,                1 ,                    0 ,                0 ,            0 ,                       0 ,                        ,      1 ,         1 ,[]              , 79 ,           1 ,"[{'id': 'CccZ0kVFab', 'type': 'choices', 'value': {'choices': ['Positiva']}, 'origin': 'manual', 'to_name': 'text', 'from_name': 'sentiment'}]"       ,False         ,False        ,2023-04-22T16:32:44.509114Z ,2023-04-22T16:32:44.509133Z ,  16.321              ,{}         ,           0 ,50acf882-8f39-49ac-8a52-10c8a5b3b9f6 ,            , 112 ,      1 ,         1 ,                  ,                  ,
 90 , 113 ,0a93ad42-noticias_cepea_soja.csv ,[]                                                                                                                                                                                                                                                                                                                                                                                                                                                                        ,[]          ,"{'ano': 2017.0, 'mes': 5.0, 'url': 'https://www.cepea.esalq.usp.br/br/diarias-de-mercado/soja-cepea-produtor-reduz-vendas-do-grao-demanda-por-derivado-aumenta.aspx', 'data': '15/05/2017', 'titulo': 'SOJA/CEPEA: Produtor reduz vendas do grão; demanda por derivado aumenta', 'noticia': 'Cepea, 15/05/2017 – Enquanto sojicultores brasileiros têm reduzido as vendas do grão, a demanda da indústria pela oleaginosa está elevada, já que seus estoques estão baixos. Segundo pesquisadores do Cepea, a procura por derivados, por sua vez, também está aquecida, cenário que tem impulsionado os preços do farelo e do óleo de soja. Na média das regiões acompanhadas pelo Cepea, os valores do farelo de soja subiram 1,4% entre 5 e 12 de maio. Para o óleo de soja, o avanço foi de 1,1%, a R$ 2.499,67/tonelada (posto na cidade de São Paulo com 12% de ICMS) na sexta-feira, 12. Pesquisadores do Cepea indicam que a retração nas vendas por parte de sojicultores se deve à queda na paridade de exportação do grão, que torna as negociações externas menos atrativas. Assim, produtores brasileiros mostram maior interesse em deixar o grão armazenado para comercializar no segundo semestre, com expectativa de que a janela de exportação da oleaginosa seja maior nesta temporada. Entre 5 e 12 de maio, o Indicador CEPEA/ESALQ Paraná cedeu 2,2%, a R$ 63,47/sc de 60 kg na sexta. O Indicador Paranaguá ESALQ/BM&FBovespa finalizou a R$ 68,11/sc de 60 kg no dia 12,mrecuo de 2,3% em relação à sexta anterior. ', 'data_hora': '2017-05-15', 'Unnamed: 0': 3864, 'qtde_palavras_soja': 3.0}"                                                                                                                                                                                                                                                                                                                                                                                                                                                                                                                                                                                                                                                                                                                                                                                                                                                                                      ,{}   ,2023-04-21 01:03:00.216297+00:00 ,2023-04-22 16:32:59.940314+00:00 ,     113 ,                1 ,                    0 ,                0 ,            0 ,                       0 ,                        ,      1 ,         1 ,[]              , 80 ,           1 ,"[{'id': 'QW2mn_xrFy', 'type': 'choices', 'value': {'choices': ['Neutra']}, 'origin': 'manual', 'to_name': 'text', 'from_name': 'sentiment'}]"         ,False         ,False        ,2023-04-22T16:32:58.621397Z ,2023-04-22T16:32:58.621415Z ,   6.118              ,{}         ,           0 ,bbdfab14-c6b9-4cdf-9b57-78a4e4a1b00f ,            , 113 ,      1 ,         1 ,                  ,                  ,
 91 , 114 ,0a93ad42-noticias_cepea_soja.csv ,[]                                                                                                                                                                                                                                                                                                                                                                                                                                                                        ,[]          ,"{'ano': 2009.0, 'mes': 8.0, 'url': 'https://www.cepea.esalq.usp.br/br/diarias-de-mercado/soja-aumenta-liquidez-no-mercado-interno.aspx', 'data': '03/08/2009', 'titulo': 'SOJA: Aumenta liquidez no mercado interno', 'noticia': 'Cepea,\xa003/08/2009 -\xa0Os preços internos da soja voltaram a subir nos últimos dias, após recuos ao longo de julho. Segundo pesquisas do Cepea, o mercado brasileiro foi impulsionado pelas altas internacionais, além da valorização dos prêmios em Paranaguá. Com preços maiores, a liquidez teve pequeno aumento na semana passada, com intensificação das venda e forte valorização da soja na Bolsa de Chicago (CBOT). Além disso, a oferta do produto está cada vez menor, o que também influencia os aumentos nos preços. Entre 24 e 31 de julho, o Indicador CEPEA/ESALQ (média de cinco regiões do Paraná) da soja em grão teve alta de 5,81%, fechando a R$ 48,79/saca de 60 kg nessa sexta-feira, 31. O Indicador ESALQ/BM&FBovespa (produto posto porto de Paranaguá) subiu 7%, para R$ 51,56/sc de 60 kg no período. ', 'data_hora': '2009-08-03', 'Unnamed: 0': 8348, 'qtde_palavras_soja': 3.0}"                                                                                                                                                                                                                                                                                                                                                                                                                                                                                                                                                                                                                                                                                                                                                                                                                                                                                                                                                                                                                                                                                                                                                                                                                                                                                                                                                         ,{}   ,2023-04-21 01:03:00.216332+00:00 ,2023-04-22 16:33:12.118620+00:00 ,     114 ,                1 ,                    0 ,                0 ,            0 ,                       0 ,                        ,      1 ,         1 ,[]              , 81 ,           1 ,"[{'id': 'Oz0gsaJ6t5', 'type': 'choices', 'value': {'choices': ['Positiva']}, 'origin': 'manual', 'to_name': 'text', 'from_name': 'sentiment'}]"       ,False         ,False        ,2023-04-22T16:33:10.706877Z ,2023-04-22T16:33:10.706896Z ,   5.457              ,{}         ,           0 ,b62045e7-00b9-432c-87b8-ae737ff34d18 ,            , 114 ,      1 ,         1 ,                  ,                  ,
 92 , 115 ,0a93ad42-noticias_cepea_soja.csv ,[]                                                                                                                                                                                                                                                                                                                                                                                                                                                                        ,[]          ,"{'ano': 2015.0, 'mes': 6.0, 'url': 'https://www.cepea.esalq.usp.br/br/diarias-de-mercado/soja-cepea-oferta-nacional-deve-ser-ainda-maior-mas-exportacao-esta-aquecida.aspx', 'data': '15/06/2015', 'titulo': 'SOJA/CEPEA: Oferta nacional deve ser ainda maior, mas exportação está aquecida', 'noticia': 'Cepea, 15/06/2015 - Os preços da soja em grão no mercado interno estão praticamente estáveis neste mês, considerando-se o conjunto das regiões acompanhadas pelo Cepea nos mercados de balcão e de lotes. Segundo pesquisadores do Cepea, no período de entressafra, de fato, espera-se pelo menos sustentação dos preços. Ao serem tomados como base os valores de contratos de exportação, em dólar, observa-se tendência de alta para os próximos meses. Na primeira semana de junho, o ritmo das exportações de soja foi ainda maior que o de maio, quando os embarques foram recordes. Por outro lado, a revisão da Conab, que adicionou 1 milhão de toneladas de soja à já safra recorde brasileira 2014/15, pode ser motivo de pressão sobre os valores. ', 'data_hora': '2015-06-15', 'Unnamed: 0': 5140, 'qtde_palavras_soja': 3.0}"                                                                                                                                                                                                                                                                                                                                                                                                                                                                                                                                                                                                                                                                                                                                                                                                                                                                                                                                                                                                                                                                                                                                                                                                                                                                                                                                                     ,{}   ,2023-04-21 01:03:00.216367+00:00 ,2023-04-22 16:33:25.886907+00:00 ,     115 ,                1 ,                    0 ,                0 ,            0 ,                       0 ,                        ,      1 ,         1 ,[]              , 82 ,           1 ,"[{'id': 'yTxhM_WJ-R', 'type': 'choices', 'value': {'choices': ['Neutra']}, 'origin': 'manual', 'to_name': 'text', 'from_name': 'sentiment'}]"         ,False         ,False        ,2023-04-22T16:33:24.482749Z ,2023-04-22T16:33:24.482768Z ,   7.321              ,{}         ,           0 ,d59b83ca-c71b-4a94-9547-4c0f24dc0a8d ,            , 115 ,      1 ,         1 ,                  ,                  ,
 93 , 116 ,0a93ad42-noticias_cepea_soja.csv ,[]                                                                                                                                                                                                                                                                                                                                                                                                                                                                        ,[]          ,"{'ano': 2018.0, 'mes': 1.0, 'url': 'https://www.cepea.esalq.usp.br/br/diarias-de-mercado/soja-cepea-valores-recuam-com-oferta-maior-que-a-demanda.aspx', 'data': '02/01/2018', 'titulo': 'SOJA/CEPEA: Valores recuam com oferta maior que a demanda', 'noticia': 'Cepea, 02/01/2018 – Com a maior área cultivada com soja na temporada 2017 no Brasil e nos Estados Unidos, os preços da oleaginosa recuaram no mercado doméstico em 2017, de acordo com pesquisas do Cepea. Além da maior oferta, os valores nacionais foram pressionados pela desvalorização do dólar frente ao Real, que reduz o recebimento do produtor. O Indicador da soja ESALQ/BM&FBovespa Paranaguá teve média de R$ 71,29/saca de 60 kg em 2017 (até o dia 27 de dezembro), 13,2% abaixo da de 2016, em termos reais (IGP-DI de novembro/17). Quanto ao Indicador CEPEA/ESALQ Paraná, a baixa foi de 15,1% no mesmo comparativo, com média a R$ 66,09/sc de 60 kg em 2017. A temporada 2016/17 brasileira somou 114 milhões de toneladas de soja, um recorde e 18% acima do produzido na safra 2015/16, conforme dados do USDA e da Conab. ', 'data_hora': '2018-01-02', 'Unnamed: 0': 3342, 'qtde_palavras_soja': 3.0}"                                                                                                                                                                                                                                                                                                                                                                                                                                                                                                                                                                                                                                                                                                                                                                                                                                                                                                                                                                                                                                                                                                                                                                                                                                                                                                           ,{}   ,2023-04-21 01:03:00.216402+00:00 ,2023-04-22 16:33:38.346147+00:00 ,     116 ,                1 ,                    0 ,                0 ,            0 ,                       0 ,                        ,      1 ,         1 ,[]              , 83 ,           1 ,"[{'id': 'S0RRiNwOW4', 'type': 'choices', 'value': {'choices': ['Negativa']}, 'origin': 'manual', 'to_name': 'text', 'from_name': 'sentiment'}]"       ,False         ,False        ,2023-04-22T16:33:36.968259Z ,2023-04-22T16:33:36.968277Z ,   5.871              ,{}         ,           0 ,6bc0c193-068d-4a1f-a0bd-6ca6d4715e80 ,            , 116 ,      1 ,         1 ,                  ,                  ,
 94 , 117 ,0a93ad42-noticias_cepea_soja.csv ,[]                                                                                                                                                                                                                                                                                                                                                                                                                                                                        ,[]          ,"{'ano': '', 'mes': '', 'url': 'https://www.cepea.esalq.usp.br/br/diarias-de-mercado/soja-cepea-oferta-segue-estavel-mas-estoque-elevado-deve-limitar-altas.aspx', 'data': '', 'titulo': 'SOJA/CEPEA: Oferta segue estável, mas estoque elevado deve limitar altas', 'noticia': 'Cepea, 8/1/2018 – A oferta de soja em grão na safra 2017/18 pode ficar muito próxima da temporada anterior, enquanto a demanda para esmagamento deve seguir firme e recorde – assim como as ofertas de farelo e óleo. No agregado, a relação estoque final/consumo de soja, no entanto, pouco deve se alterar, cedendo ligeiramente em relação à safra anterior, mas ainda nos maiores patamares da história. Portanto, segundo pesquisadores do Cepea, não são esperadas grandes alterações nos preços da soja no curto e médio prazos. Somente choques mais expressivos de oferta podem mexer com mais intensidade nas cotações no correr de 2018. Quanto às exportações, estima-se que o Brasil embarque 65,5 milhões de toneladas na temporada 2017/18, 3,7% a mais que em 2016/17.', 'data_hora': '', 'Unnamed: 0': 3329, 'qtde_palavras_soja': 3.0}"                                                                                                                                                                                                                                                                                                                                                                                                                                                                                                                                                                                                                                                                                                                                                                                                                                                                                                                                                                                                                                                                                                                                                                                                                                                                                                                                                                   ,{}   ,2023-04-21 01:03:00.216436+00:00 ,2023-04-22 16:33:51.487765+00:00 ,     117 ,                1 ,                    0 ,                0 ,            0 ,                       0 ,                        ,      1 ,         1 ,[]              , 84 ,           1 ,"[{'id': 'YGuDZoolYw', 'type': 'choices', 'value': {'choices': ['Neutra']}, 'origin': 'manual', 'to_name': 'text', 'from_name': 'sentiment'}]"         ,False         ,False        ,2023-04-22T16:33:50.159683Z ,2023-04-22T16:33:50.159719Z ,   6.676              ,{}         ,           0 ,5ea8fab4-84cf-49ad-a163-07374165fcc1 ,            , 117 ,      1 ,         1 ,                  ,                  ,
 95 , 118 ,0a93ad42-noticias_cepea_soja.csv ,[]                                                                                                                                                                                                                                                                                                                                                                                                                                                                        ,[]          ,"{'ano': 2008.0, 'mes': 5.0, 'url': 'https://www.cepea.esalq.usp.br/br/diarias-de-mercado/frango-poder-de-compra-continua-favoravel-ao-avicultor.aspx', 'data': '16/05/2008', 'titulo': 'FRANGO: Poder de compra continua favorável ao avicultor', 'noticia': 'Cepea,\xa016/05/2008 -\xa0As sucessivas altas nos preços do frango vivo proporcionou melhora no poder de compra dos avicultores na primeira quinzena de maio. Além disso, a estabilidade dos principais insumos utilizados na produção (milho e farelo de soja) contribuiu para essa situação positiva ao produtor. Entre 2 e 15 de maio, o animal vivo valorizou 15,6% no interior de São Paulo, enquanto o milho subiu apenas 0,73% e o farelo de soja recuou ligeiro 0,73% - ambos na região de Campinas (SP). Nessa quinta-feira, 15, o avicultor paulista conseguiu adquirir 3,39 quilos de milho com a venda de um quilo de frango vivo na região de Campinas (SP), o que representa uma melhora de 15,3% em relação ao início deste mês. Quanto ao farelo de soja, o aumento no poder de compra do produtor é ainda maior, de 17,01%, com a mesma quantidade de frango rendendo 2,29 quilos do insumo na quinta. As valorizações do frango vivo continuam acompanhando os preços da carne no atacado. Segundo agentes, o Dia das Mães reforçou o aumento no consumo, refletindo na maior procura pelo animal vivo. ', 'data_hora': '2008-05-16', 'Unnamed: 0': 9040, 'qtde_palavras_soja': 3.0}"                                                                                                                                                                                                                                                                                                                                                                                                                                                                                                                                                                                                                                                                                                                                                                                                                                                                                                                                                                                                                                        ,{}   ,2023-04-21 01:03:00.216472+00:00 ,2023-04-22 16:34:07.917623+00:00 ,     118 ,                1 ,                    0 ,                0 ,            0 ,                       0 ,                        ,      1 ,         1 ,[]              , 85 ,           1 ,"[{'id': 'arw5HemrAN', 'type': 'choices', 'value': {'choices': ['Positiva']}, 'origin': 'manual', 'to_name': 'text', 'from_name': 'sentiment'}]"       ,False         ,False        ,2023-04-22T16:34:06.541429Z ,2023-04-22T16:34:06.541447Z ,   9.922              ,{}         ,           0 ,6589e729-77e1-4a3b-969d-596443765342 ,            , 118 ,      1 ,         1 ,                  ,                  ,
 96 , 119 ,0a93ad42-noticias_cepea_soja.csv ,[]                                                                                                                                                                                                                                                                                                                                                                                                                                                                        ,[]          ,"{'ano': 2018.0, 'mes': 11.0, 'url': 'https://www.cepea.esalq.usp.br/br/diarias-de-mercado/ovos-cepea-preco-do-ovo-sobe-com-forca-e-eleva-poder-de-compra-de-avicultor.aspx', 'data': '23/11/2018', 'titulo': 'OVOS/CEPEA: Preço do ovo sobe com força e eleva poder de compra de avicultor', 'noticia': 'Cepea, 23/11/2018 – Depois de recuar por quatro meses consecutivos, o poder de compra do avicultor de postura frente aos principais insumos utilizados na atividade, milho e farelo de soja, aumentou de outubro para novembro, atingindo patamares não observados desde meados de 2018. Segundo pesquisadores do Cepea, esse cenário está bastante atrelado à valorização dos ovos no mercado doméstico neste mês, que, por sua vez, reflete o aumento da demanda pela proteína no período. Além disso, as cotações do milho e do farelo de soja caíram de outubro para novembro, favorecendo o aumento no poder de compra do avicultor. Neste mês (até o dia 22), o valor da caixa com 30 dúzias de ovos brancos tipo extra, comercializada em Bastos (SP), subiu 8,8% frente ao do mês anterior, para a média de R$ 65,06. Para o produto vermelho, a alta nos preços foi de 13,9% na mesma comparação, para R$ 73,47/cx, em média, na parcial de novembro. Quanto aos insumos, as cotações do milho e do farelo de soja negociados em Campinas (SP) recuaram 0,7% e 2,4%, respectivamente, de outubro para a parcial de novembro. Fonte: Cepea – ', 'data_hora': '2018-11-23', 'Unnamed: 0': 2521, 'qtde_palavras_soja': 3.0}"                                                                                                                                                                                                                                                                                                                                                                                                                                                                                                                                                                                                                                                                                                                                                                                                                                                                                                                                                                  ,{}   ,2023-04-21 01:03:00.216510+00:00 ,2023-04-22 16:34:19.592409+00:00 ,     119 ,                1 ,                    0 ,                0 ,            0 ,                       0 ,                        ,      1 ,         1 ,[]              , 86 ,           1 ,"[{'id': 'xP1hq5wNTK', 'type': 'choices', 'value': {'choices': ['Positiva']}, 'origin': 'manual', 'to_name': 'text', 'from_name': 'sentiment'}]"       ,False         ,False        ,2023-04-22T16:34:18.235781Z ,2023-04-22T16:34:18.235799Z ,   5.417              ,{}         ,           0 ,0ada9ecf-57bc-42cd-8959-a31a9c3089f0 ,            , 119 ,      1 ,         1 ,                  ,                  ,
 97 , 120 ,0a93ad42-noticias_cepea_soja.csv ,[]                                                                                                                                                                                                                                                                                                                                                                                                                                                                        ,[]          ,"{'ano': 2008.0, 'mes': 4.0, 'url': 'https://www.cepea.esalq.usp.br/br/diarias-de-mercado/suinos-diminuiu-poder-de-compra-de-produtor.aspx', 'data': '18/04/2008', 'titulo': 'SUÍNOS: Diminuiu poder de compra de produtor', 'noticia': 'Cepea,\xa018/04/2008 -\xa0Na primeira quinzena de abril, a relação de troca de suíno vivo por milho e por farelo de soja - principais insumos na produção de suínos - registrou o primeiro recuo significativo desde o início de fevereiro. Mesmo com a estabilidade nos preços dos insumos, as recentes desvalorizações do animal vivo, ocorridas por conta do aumento de oferta no mercado interno, fizeram com que o poder de compra do suinocultor diminuísse. Na primeira quinzena de abril, a relação de troca de suíno por milho esteve 6,16% pior ao produtor paulista. Frente ao farelo de soja o poder de compra do suinocultor diminuiu 4,33%. Nos últimos dias, com a venda de um quilo de suíno vivo, o produtor do interior do estado de São Paulo conseguia adquirir 6,15 quilos de milho e 3,84 quilos de farelo de soja. ', 'data_hora': '2008-04-18', 'Unnamed: 0': 9046, 'qtde_palavras_soja': 3.0}"                                                                                                                                                                                                                                                                                                                                                                                                                                                                                                                                                                                                                                                                                                                                                                                                                                                                                                                                                                                                                                                                                                                                                                                                                                                                                                                                              ,{}   ,2023-04-21 01:03:00.216546+00:00 ,2023-04-22 16:34:50.328464+00:00 ,     120 ,                1 ,                    0 ,                0 ,            0 ,                       0 ,                        ,      1 ,         1 ,[]              , 87 ,           1 ,"[{'id': 'AvAzCk62rn', 'type': 'choices', 'value': {'choices': ['Negativa']}, 'origin': 'manual', 'to_name': 'text', 'from_name': 'sentiment'}]"       ,False         ,False        ,2023-04-22T16:34:48.927678Z ,2023-04-22T16:34:48.927697Z ,  22.999              ,{}         ,           0 ,25a672f2-240d-4440-92a6-8d5192388250 ,            , 120 ,      1 ,         1 ,                  ,                  ,
 98 , 121 ,0a93ad42-noticias_cepea_soja.csv ,[]                                                                                                                                                                                                                                                                                                                                                                                                                                                                        ,[]          ,"{'ano': 2008.0, 'mes': 3.0, 'url': 'https://www.cepea.esalq.usp.br/br/diarias-de-mercado/frango-relacao-vivo-farelo-esta-19-pior-ao-avicultor.aspx', 'data': '28/03/2008', 'titulo': 'FRANGO: Relação vivo/farelo está 19% pior ao avicultor', 'noticia': 'Cepea,\xa028/03/2008 -\xa0A relação de troca de frango vivo pelos principais insumos utilizados no setor tem sido bastante desfavorável aos avicultores brasileiros neste ano. Isso porque as quedas do animal vivo vêm superando as do milho e as do farelo de soja. Entre 2 janeiro e 27 de março, a desvalorização do frango vivo no interior de São Paulo foi de 24,3%, reflexo da oferta interna maior desde o final de 2007. No mesmo período, o milho registra baixa de 20,15% e o farelo de soja, de 6,54% - ambos na região de Campinas (SP). Nessa quinta-feira, o avicultor paulista conseguiu adquirir 2,89 quilos de milho com a venda de um quilo de frango vivo na região de Campinas (SP), o que representa uma piora de 5,2% em relação ao início deste ano. Quanto ao farelo de soja, a diminuição no poder de compra do produtor é de 19%, com a mesma quantidade de frango rendendo 1,77 quilo do insumo na quinta. ', 'data_hora': '2008-03-28', 'Unnamed: 0': 9073, 'qtde_palavras_soja': 3.0}"                                                                                                                                                                                                                                                                                                                                                                                                                                                                                                                                                                                                                                                                                                                                                                                                                                                                                                                                                                                                                                                                                                                                                                                                                             ,{}   ,2023-04-21 01:03:00.216581+00:00 ,2023-04-22 16:35:08.560475+00:00 ,     121 ,                1 ,                    0 ,                0 ,            0 ,                       0 ,                        ,      1 ,         1 ,[]              , 88 ,           1 ,"[{'id': 'pirQguDaMf', 'type': 'choices', 'value': {'choices': ['Negativa']}, 'origin': 'manual', 'to_name': 'text', 'from_name': 'sentiment'}]"       ,False         ,False        ,2023-04-22T16:35:07.191365Z ,2023-04-22T16:35:07.191384Z ,   9.559              ,{}         ,           0 ,dd4be996-d152-421e-aa13-8243f5aa8f2c ,            , 121 ,      1 ,         1 ,                  ,                  ,
 99 , 122 ,0a93ad42-noticias_cepea_soja.csv ,[]                                                                                                                                                                                                                                                                                                                                                                                                                                                                        ,[]          ,"{'ano': 2018.0, 'mes': 11.0, 'url': 'https://www.cepea.esalq.usp.br/br/diarias-de-mercado/soja-cepea-demanda-internacional-incerta-reduz-premio-no-br-e-valores-recuam.aspx', 'data': '12/11/2018', 'titulo': 'SOJA/CEPEA: Demanda internacional incerta reduz prêmio no BR e valores recuam', 'noticia': 'Cepea, 12/11/2018 – Os preços brasileiros de soja recuaram ligeiramente nos últimos dias, pressionados pela queda nos prêmios de exportação no País, que passaram de US$ 2,60/bushel para o vendedor no dia 31 de outubro para 2,05/bushel na quinta-feira, 8 de novembro, em Paranaguá (PR). Além do enfraquecimento da demanda externa, o recuo dos prêmios se deve à alta na CME Group (Bolsa de Chicago), que, por sua vez, foi influenciada pelo clima desfavorável à colheita nos Estados Unidos e pelas expectativas de acordo comercial entre Estados Unidos e China. Segundo pesquisadores do Cepea, o que preocupa sojicultores brasileiros é que, se esse acordo se confirmar e, ao mesmo tempo, a demanda chinesa pelo produto nacional diminuir, as exportações brasileiras devem recuar. No dia 8, o USDA indicou que a China deve importar apenas 90 milhões de toneladas de soja na temporada 2018/19, o menor volume desde a safra 2015/16. Quanto aos preços no Brasil, entre 1º e 9 de novembro, o Indicador ESALQ/BM&FBovespa da soja Paranaguá (PR) recuou 0,6%, a R$ 85,28/saca de 60 kg na sexta-feira, 9. No mesmo comparativo, o Indicador CEPEA/ESALQ Paraná registrou queda de 0,5%, a R$ 79,43/sc de 60 kg no dia 9. ', 'data_hora': '2018-11-12', 'Unnamed: 0': 2446, 'qtde_palavras_soja': 3.0}"                                                                                                                                                                                                                                                                                                                                                                                                                                                                                                                                                                                                                                                                                                                                                                                                                                                                    ,{}   ,2023-04-21 01:03:00.216618+00:00 ,2023-04-22 16:36:45.713020+00:00 ,     122 ,                1 ,                    0 ,                0 ,            0 ,                       0 ,                        ,      1 ,         1 ,[]              , 89 ,           1 ,"[{'id': 'xxRraIl0Y9', 'type': 'choices', 'value': {'choices': ['Negativa']}, 'origin': 'manual', 'to_name': 'text', 'from_name': 'sentiment'}]"       ,False         ,False        ,2023-04-22T16:36:44.359815Z ,2023-04-22T16:36:44.359845Z ,   6.161              ,{}         ,           0 ,141b372b-9fc2-4034-a03b-e52e4154cd0e ,            , 122 ,      1 ,         1 ,                  ,                  ,
100 , 125 ,0a93ad42-noticias_cepea_soja.csv ,[]                                                                                                                                                                                                                                                                                                                                                                                                                                                                        ,[]          ,"{'ano': 2018.0, 'mes': 12.0, 'url': 'https://www.cepea.esalq.usp.br/br/diarias-de-mercado/soja-cepea-queda-dos-premios-e-baixa-demanda-pressionam-valores.aspx', 'data': '17/12/2018', 'titulo': 'SOJA/CEPEA: Queda dos prêmios e baixa demanda pressionam valores', 'noticia': 'Cepea, 17/12/2018 – As negociações de soja em grão estão lentas no mercado interno. A queda dos prêmios de exportação e o baixo interesse de compradores internacionais têm pressionado os valores domésticos. Segundo colaboradores do Cepea, os vendedores que têm soja para comercializar no spot indicam preferência por vender dentro do Brasil, diante dos elevados preços dos fretes aos portos. Compradores domésticos, por outro lado, se mostram abastecidos e com intenção de retomar as aquisições somente em 2019, na expectativa de preços menores diante da entrada da nova safra no Brasil. Com isso, o Indicador ESALQ/BM&FBovespa da soja Paranaguá (PR) registrou queda de 1,7% entre 7 e 14 de dezembro, indo para R$ 80,70/sc de 60 kg na sexta, 14. No mesmo comparativo, o Indicador CEPEA/ESALQ Paraná recuou 1,3%, a R$ 72,52/sc de 60 kg no dia 14. ', 'data_hora': '2018-12-17', 'Unnamed: 0': 2393, 'qtde_palavras_soja': 3.0}"                                                                                                                                                                                                                                                                                                                                                                                                                                                                                                                                                                                                                                                                                                                                                                                                                                                                                                                                                                                                                                                                                                                                                                                                                                                                 ,{}   ,2023-04-21 01:03:00.216724+00:00 ,2023-04-22 16:38:29.659597+00:00 ,     125 ,                1 ,                    0 ,                0 ,            0 ,                       0 ,                        ,      1 ,         1 ,[]              , 96 ,           1 ,"[{'id': 'f87USYQ-IF', 'type': 'choices', 'value': {'choices': ['Negativa']}, 'origin': 'manual', 'to_name': 'text', 'from_name': 'sentiment'}]"       ,False         ,False        ,2023-04-22T16:38:28.284752Z ,2023-04-22T16:38:28.284775Z ,   6.096              ,{}         ,           0 ,2fd69919-dd75-4188-a0d5-9906b324aaa9 ,            , 125 ,      1 ,         1 ,                  ,                  ,
101 , 152 ,0a93ad42-noticias_cepea_soja.csv ,[]                                                                                                                                                                                                                                                                                                                                                                                                                                                                        ,[]          ,"{'ano': '', 'mes': '', 'url': 'https://www.cepea.esalq.usp.br/br/diarias-de-mercado/soja-na-semana-precos-sobem-45-em-paranagua.aspx', 'data': '', 'titulo': 'SOJA: Na semana, preços sobem 4,5% em Paranaguá', 'noticia': '31/8/2009 - Os preços da soja tiveram forte alta nos mercados doméstico e externo nos últimos dias, influenciados pelas preocupações quanto ao clima nas lavouras norte-americanas. Além disso, a forte demanda internacional, os baixos estoques e o bom desempenho dos mercados financeiros reforçam o impulso às cotações de soja e derivados. Segundo pesquisas do Cepea, o Indicador CEPEA/ESALQ (média de cinco regiões do Paraná) da soja em grão subiu 3,24% entre 21 e 28 de agosto, fechando a R$ 48,69/saca de 60 kg nessa sexta-feira, 28. O Indicador ESALQ/BM&FBovespa (produto posto porto de Paranaguá) teve aumento de 4,56%, fechando a R$ 50,43/sc de 60 kg no mesmo período. ', 'data_hora': '', 'Unnamed: 0': 8302, 'qtde_palavras_soja': 3.0}"                                                                                                                                                                                                                                                                                                                                                                                                                                                                                                                                                                                                                                                                                                                                                                                                                                                                                                                                                                                                                                                                                                                                                                                                                                                                                                                                                                                                                                                                                                             ,{}   ,2023-04-21 01:03:00.217705+00:00 ,2023-04-26 04:32:41.621297+00:00 ,     152 ,                1 ,                    0 ,                0 ,            0 ,                       0 ,                        ,      1 ,         1 ,[]              ,121 ,           1 ,"[{'id': 'QtuoIjbVxP', 'type': 'choices', 'value': {'choices': ['Positiva']}, 'origin': 'manual', 'to_name': 'text', 'from_name': 'sentiment'}]"       ,False         ,False        ,2023-04-26T04:32:40.270928Z ,2023-04-26T04:32:40.270942Z ,   9.197              ,{}         ,           0 ,fb9c621d-4985-4edf-8383-a6a5a4888ade ,            , 152 ,      1 ,         1 ,                  ,                  ,
102 , 159 ,0a93ad42-noticias_cepea_soja.csv ,[]                                                                                                                                                                                                                                                                                                                                                                                                                                                                        ,[]          ,"{'ano': 2022.0, 'mes': 11.0, 'url': 'https://www.cepea.esalq.usp.br/br/diarias-de-mercado/soja-cepea-bloqueios-e-cenario-internacional-limitam-liquidez-no-br.aspx', 'data': '7/11/2022', 'titulo': 'SOJA/CEPEA: Bloqueios e cenário internacional limitam liquidez no BR', 'noticia': 'Cepea, 7/11/2022 – As negociações do complexo soja estiveram lentas no mercado interno ao longo da última semana, devido aos bloqueios em rodovias brasileiras, ao aumento da taxa de juros nos Estados Unidos e às incertezas quanto ao escoamento de grãos pelo Mar Negro. Apesar disso, pesquisadores do Cepea indicam que a demanda externa pelo produto brasileiro segue firme. Problemas logísticos nos Estados Unidos, em decorrência do baixo nível do Rio Mississipi, levaram demandantes internacionais ao Brasil. Assim, segundo dados da Secex, o Brasil enviou à China 3,23 milhões de toneladas de soja em outubro, volume 25% acima do escoado em setembro e 22,7% superior ao do mesmo período de 2021. A todos os destinos, o Brasil embarcou em outubro 4,06 milhões de toneladas de soja, 23,41% a mais que em outubro/21. Fonte: Cepea (', 'data_hora': '2022-11-07', 'Unnamed: 0': 3020, 'qtde_palavras_soja': 3.0}"                                                                                                                                                                                                                                                                                                                                                                                                                                                                                                                                                                                                                                                                                                                                                                                                                                                                                                                                                                                                                                                                                                                                                                                                                                                                            ,{}   ,2023-04-21 01:03:00.218030+00:00 ,2023-04-26 19:07:59.252609+00:00 ,     159 ,                1 ,                    0 ,                0 ,            0 ,                       0 ,                        ,      1 ,         3 ,[]              ,166 ,           3 ,"[{'id': 'twH9puD1YG', 'type': 'choices', 'value': {'choices': ['Negativa']}, 'origin': 'manual', 'to_name': 'text', 'from_name': 'sentiment'}]"       ,False         ,False        ,2023-04-26T19:07:58.008719Z ,2023-04-26T19:07:58.008732Z , 195.397              ,{}         ,           0 ,248c1b0c-2c0f-48ac-8e9d-64bce92a4e77 ,            , 159 ,      1 ,         3 ,                  ,                  ,
103 , 210 ,0a93ad42-noticias_cepea_soja.csv ,[]                                                                                                                                                                                                                                                                                                                                                                                                                                                                        ,[]          ,"{'ano': '', 'mes': '', 'url': 'https://www.cepea.esalq.usp.br/br/diarias-de-mercado/frango-cepea-relacao-de-troca-por-farelo-aumenta-mas-diminui-por-milho.aspx', 'data': '', 'titulo': 'FRANGO/CEPEA: Relação de troca por farelo aumenta, mas diminui por milho', 'noticia': 'Cepea, 22/7/2022 – Em julho, o poder de compra do avicultor frente ao milho e ao farelo de soja vem variando de acordo com a movimentação dos preços desses insumos. Assim, enquanto as quedas nas cotações do milho permitem melhora na relação de troca ao avicultor, a valorização registrada para o farelo resulta em menor poder de compra frente a esse insumo. Conforme cálculos do Cepea, no mercado de frango vivo, apesar das altas pontuais na primeira quinzena, os preços médios de julho ainda são menores que os de junho, pressionados pela baixa liquidez da carne no mercado doméstico nesses últimos dias. Para o milho, o bom ritmo da colheita da segunda safra e a consequente maior oferta do cereal pressionam as cotações, enquanto para o farelo de soja, os preços estão em movimento de alta neste mês, devido às maiores demandas interna e externa pelo derivado. Assim, considerando-se o vivo negociado no estado de São Paulo e o milho vendido em Campinas/SP (Indicador ESALQ/BM&FBovespa), na parcial deste mês (até o dia 20), é possível ao avicultor paulista adquirir 4,33 quilos do cereal com a venda de um quilo de frango, quantidade 1,4% maior que a de junho e 21,9% acima da de julho/21. Já na comparação com o farelo de soja, também na região de Campinas, é possível ao produtor a compra de 2,29 quilos com a venda de um quilo do animal na parcial do mês, 8% a menos que em junho e 9,1% abaixo da quantidade observada em julho de 2021. Fonte: Cepea (', 'data_hora': '', 'Unnamed: 0': 4484, 'qtde_palavras_soja': 3.0}"                                                                                                                                                                                                                                                                                                                                                                                                                                                                                                                                                                                                                                         ,{}   ,2023-04-21 01:03:00.219906+00:00 ,2023-04-26 04:32:09.233211+00:00 ,     210 ,                1 ,                    0 ,                0 ,            0 ,                       0 ,                        ,      1 ,         1 ,[]              ,119 ,           1 ,"[{'id': 'YrSSB6EsV0', 'type': 'choices', 'value': {'choices': ['Neutra']}, 'origin': 'manual', 'to_name': 'text', 'from_name': 'sentiment'}]"         ,False         ,False        ,2023-04-26T04:32:07.921898Z ,2023-04-26T04:32:07.921916Z , 123.025              ,{}         ,           0 ,2120ca0f-2fe5-4696-9254-21cc10c8d6f3 ,            , 210 ,      1 ,         1 ,                  ,                  ,
104 , 246 ,0a93ad42-noticias_cepea_soja.csv ,[]                                                                                                                                                                                                                                                                                                                                                                                                                                                                        ,[]          ,"{'ano': 2017.0, 'mes': 12.0, 'url': 'https://www.cepea.esalq.usp.br/br/diarias-de-mercado/soja-cepea-precos-sobem-com-preocupacao-com-o-clima-e-demanda-elevada.aspx', 'data': '11/12/2017', 'titulo': 'SOJA/CEPEA: Preços sobem com preocupação com o clima e demanda elevada', 'noticia': 'Cepea, 11/12/2017 – O baixo volume de chuvas no Sul do Brasil e na Argentina, que tem preocupado sojicultores e consumidores da soja, e a maior demanda internacional têm elevado os preços do grão no mercado doméstico. O Indicador da soja ESALQ/BM&FBovespa Paranaguá fechou a R$ 75,16/saca de 60 kg nessa sexta-feira, 8, alta de 0,87% entre 1º e 8 de dezembro. O Indicador CEPEA/ESALQ Paraná, a elevação foi de 1,28% no mesmo período, fechando a R$ 71,04/sc de 60 kg na sexta. Quanto ao clima, há preocupações sobre a possibilidade de ocorrência do fenômeno La Niña, que pode refletir em baixa umidade no início de 2018 e afetar o desenvolvimento das lavouras semeadas mais tardiamente. Em relação às exportações, em novembro, o Brasil exportou volume recorde de soja em grão para o mês. Foram 2,14 milhões de toneladas embarcadas no período, quase sete vezes a mais que o total em novembro de 2016 (316 mil toneladas), segundo a Secex. ', 'data_hora': '2017-12-11', 'Unnamed: 0': 3384, 'qtde_palavras_soja': 3.0}"                                                                                                                                                                                                                                                                                                                                                                                                                                                                                                                                                                                                                                                                                                                                                                                                                                                                                                                                                                                                                                                                                                                                                           ,{}   ,2023-04-21 01:03:00.221287+00:00 ,2023-04-26 04:45:32.141234+00:00 ,     246 ,                1 ,                    0 ,                0 ,            0 ,                       0 ,                        ,      1 ,         1 ,[]              ,143 ,           1 ,"[{'id': '4qS7pwvOWe', 'type': 'choices', 'value': {'choices': ['Positiva']}, 'origin': 'manual', 'to_name': 'text', 'from_name': 'sentiment'}]"       ,False         ,False        ,2023-04-26T04:45:30.839338Z ,2023-04-26T04:45:30.839369Z ,  10.525              ,{}         ,           0 ,a89f52f0-ddfb-4305-bee8-5c88d83250cf ,            , 246 ,      1 ,         1 ,                  ,                  ,
105 , 262 ,0a93ad42-noticias_cepea_soja.csv ,[]                                                                                                                                                                                                                                                                                                                                                                                                                                                                        ,[]          ,"{'ano': 2019.0, 'mes': 12.0, 'url': 'https://www.cepea.esalq.usp.br/br/diarias-de-mercado/soja-cepea-com-procura-maior-que-oferta-preco-do-oleo-atinge-recorde.aspx', 'data': '2/12/2019', 'titulo': 'SOJA/CEPEA: Com procura maior que oferta, preço do óleo atinge recorde', 'noticia': 'Cepea, 2/12/2019 – O preço do óleo bruto degomado (com 12% de ICMS) tem registrado significativa alta no mercado brasileiro, chegando a R$ 3.646,97/tonelada na cidade de São Paulo na sexta-feira, 29, o maior patamar nominal da série do Cepea, iniciada em julho de 1998. Segundo pesquisadores do Cepea, o aumento está atrelado à baixa disponibilidade do derivado nas indústrias, em um momento em que a demanda doméstica segue bastante aquecida. No geral, o movimento de alta nos valores do óleo de soja é verificado desde agosto deste ano, quando notícias começaram a indicar aumento na quantidade mínima obrigatória da mistura de biodiesel ao óleo diesel – que passou de 10% (B10) para 11% (B11) em 1º de setembro de 2019. Desde então, a liquidez no mercado brasileiro de óleo de soja cresceu significativamente, dado que esse produto corresponde a 70% das matérias-primas utilizadas na produção de biodiesel. Em novembro, o preço do óleo de soja teve média de R$ 3.454,57/tonelada, a maior, em termos nominais, na série histórica do Cepea, 4,9% acima da registrada em outubro e a maior desde dezembro de 2016, em termos reais – as médias mensais foram deflacionadas pelo IGP–DI, base outubro/19. Fonte: Cepea – ', 'data_hora': '2019-12-02', 'Unnamed: 0': 1244, 'qtde_palavras_soja': 3.0}"                                                                                                                                                                                                                                                                                                                                                                                                                                                                                                                                                                                                                                                                                                                                                                                                                                                                         ,{}   ,2023-04-21 01:03:00.221975+00:00 ,2023-04-26 18:23:06.852069+00:00 ,     262 ,                1 ,                    0 ,                0 ,            0 ,                       0 ,                        ,      1 ,         3 ,[]              ,157 ,           3 ,"[{'id': 'CnEV2s3Wp1', 'type': 'choices', 'value': {'choices': ['Positiva']}, 'origin': 'manual', 'to_name': 'text', 'from_name': 'sentiment'}]"       ,False         ,False        ,2023-04-26T18:23:05.599836Z ,2023-04-26T18:23:05.599851Z , 700.119              ,{}         ,           0 ,378b0084-2414-40a3-98c9-12129061a603 ,            , 262 ,      1 ,         3 ,                  ,                  ,
106 , 264 ,0a93ad42-noticias_cepea_soja.csv ,[]                                                                                                                                                                                                                                                                                                                                                                                                                                                                        ,[]          ,"{'ano': 2021.0, 'mes': 2.0, 'url': 'https://www.cepea.esalq.usp.br/br/diarias-de-mercado/soja-cepea-colheita-comeca-a-avancar-dificuldades-logisticas-preocupam.aspx', 'data': '22/02/2021', 'titulo': 'SOJA/CEPEA: Colheita começa a avançar; dificuldades logísticas preocupam', 'noticia': 'Cepea, 22/02/2021 – A colheita de soja começa a se intensificar no Brasil, mas dificuldades logísticas já preocupam agentes consultados pelo Cepea. Além de filas de caminhões em algumas estradas nacionais – como nas de Itaituba (PA), que têm acesso ao porto paraense de Miritituba –, agentes relatam filas de navios também nos portos brasileiros. Muitos sojicultores têm pressa em colher a oleaginosa, com o\xa0objetivo de conseguir cumprir os contratos. Tradings, por sua vez, estão atentas ao recebimento da soja contratada dentro do prazo – atrasos nas entregas podem limitar os embarques e resultar em multas nos carregamentos portuários. Com isso, a logística para março já está comprometida, e grande parte dos agentes mostra interesse em negociar a soja com entrega apenas a partir do segundo trimestre deste ano. Fonte: ', 'data_hora': '2021-02-22', 'Unnamed: 0': 196, 'qtde_palavras_soja': 3.0}"                                                                                                                                                                                                                                                                                                                                                                                                                                                                                                                                                                                                                                                                                                                                                                                                                                                                                                                                                                                                                                                                                                                                                                                                                                                                      ,{}   ,2023-04-21 01:03:00.222059+00:00 ,2023-04-22 16:37:46.928060+00:00 ,     264 ,                1 ,                    0 ,                0 ,            0 ,                       0 ,                        ,      1 ,         1 ,[]              , 92 ,           1 ,"[{'id': 'F9phnScdJy', 'type': 'choices', 'value': {'choices': ['Negativa']}, 'origin': 'manual', 'to_name': 'text', 'from_name': 'sentiment'}]"       ,False         ,False        ,2023-04-22T16:37:45.568220Z ,2023-04-22T16:37:45.568238Z ,   6.854              ,{}         ,           0 ,31c4e9fc-6875-45a9-a400-ee874abb991c ,            , 264 ,      1 ,         1 ,                  ,                  ,
107 , 284 ,0a93ad42-noticias_cepea_soja.csv ,[]                                                                                                                                                                                                                                                                                                                                                                                                                                                                        ,[]          ,"{'ano': '', 'mes': '', 'url': 'https://www.cepea.esalq.usp.br/br/diarias-de-mercado/soja-cepea-valor-se-enfraquece-mas-volume-ja-negociado-e-recorde-para-o-periodo.aspx', 'data': '', 'titulo': 'SOJA/CEPEA: Valor se enfraquece, mas volume já negociado é recorde para o período', 'noticia': 'Cepea, 13/4/2020 – Os preços da soja se enfraqueceram nos últimos dias, mas seguem em patamares bastante elevados. O Indicador da soja ESALQ/BM&FBovespa (Paranaguá – PR) fechou a R$ 100,07/saca de 60 kg na quinta-feira, 9, queda de 1,13% na parcial de abril. Agentes consultados pelo Cepea indicam que as quantidades de soja das safras 2019/20 e 2021/21 já comercializadas são recordes, quando considerado esse mesmo período de temporadas anteriores. Como o produtor brasileiro se capitalizou logo no início desta safra, agora não mostra preocupações em negociar grandes lotes – até porque, com o dólar acima de R$ 5,00, as\xa0', 'data_hora': '', 'Unnamed: 0': 795, 'qtde_palavras_soja': 3.0}"                                                                                                                                                                                                                                                                                                                                                                                                                                                                                                                                                                                                                                                                                                                                                                                                                                                                                                                                                                                                                                                                                                                                                                                                                                                                                                                                                                                                                                                                                      ,{}   ,2023-04-21 01:03:00.222801+00:00 ,2023-04-26 04:48:17.746174+00:00 ,     284 ,                1 ,                    0 ,                0 ,            0 ,                       0 ,                        ,      1 ,         1 ,[]              ,152 ,           1 ,"[{'id': '5epkPpnT58', 'type': 'choices', 'value': {'choices': ['Neutra']}, 'origin': 'manual', 'to_name': 'text', 'from_name': 'sentiment'}]"         ,False         ,False        ,2023-04-26T04:48:16.432079Z ,2023-04-26T04:48:16.432094Z ,   8.392              ,{}         ,           0 ,473552b3-acc8-4014-b420-525040b5139b ,            , 284 ,      1 ,         1 ,                  ,                  ,
108 , 307 ,0a93ad42-noticias_cepea_soja.csv ,[]                                                                                                                                                                                                                                                                                                                                                                                                                                                                        ,[]          ,"{'ano': '', 'mes': '', 'url': 'https://www.cepea.esalq.usp.br/br/diarias-de-mercado/milho-frete-gera-reajustes-do-cereal.aspx', 'data': '', 'titulo': 'MILHO: Frete gera reajustes do cereal', 'noticia': '9/3/2010 - O mercado de grãos enfrenta a escassez de fretes para o escoamento do milho e da soja que estão sendo colhidos. De acordo com pesquisas do Cepea, o aumento da área plantada de soja precoce no final do ano passado é um agravante para a concorrência que se vê nas últimas semanas - aumentou o volume a ser escoado no atual período. No mercado do milho, compradores têm dificuldade em retirar o grão que já está na cooperativa/indústria e, nos casos em que o vendedor se encarrega da entrega, está havendo reajustes dos preços do milho em função do encarecimento do frete. Essa situação tem sido mais evidente no estado de São Paulo, onde o Indicador ESALQ/BM&FBovespa (Campinas - SP) subiu 1,9% entre 2 e 8 de março, fechando a R$ 18,45/sc de 60 kg na segunda, 8. ', 'data_hora': '', 'Unnamed: 0': 7976, 'qtde_palavras_soja': 2.0}"                                                                                                                                                                                                                                                                                                                                                                                                                                                                                                                                                                                                                                                                                                                                                                                                                                                                                                                                                                                                                                                                                                                                                                                                                                                                                                                                                                                                                          ,{}   ,2023-04-21 01:03:00.223732+00:00 ,2023-04-22 16:39:48.681371+00:00 ,     307 ,                1 ,                    0 ,                0 ,            0 ,                       0 ,                        ,      1 ,         1 ,[]              ,103 ,           1 ,"[{'id': 'ZSj5eif6kO', 'type': 'choices', 'value': {'choices': ['Negativa']}, 'origin': 'manual', 'to_name': 'text', 'from_name': 'sentiment'}]"       ,False         ,False        ,2023-04-22T16:39:47.275243Z ,2023-04-22T16:39:47.275262Z ,   8.346              ,{}         ,           0 ,2fc11da5-4243-4876-9d24-81df9c674465 ,            , 307 ,      1 ,         1 ,                  ,                  ,
109 , 310 ,0a93ad42-noticias_cepea_soja.csv ,[]                                                                                                                                                                                                                                                                                                                                                                                                                                                                        ,[]          ,"{'ano': '', 'mes': '', 'url': 'https://www.cepea.esalq.usp.br/br/diarias-de-mercado/suinos-cepea-relacao-de-troca-do-vivo-por-insumos-tem-5-reducao-mensal.aspx', 'data': '', 'titulo': 'SUÍNOS/CEPEA: Relação de troca do vivo por insumos tem 5ª redução mensal', 'noticia': 'Cepea, 21/7/2022 – A queda no preço do milho e a valorização do suíno vivo entre junho e a parcial de julho vêm sustentando, pelo quinto mês consecutivo, um cenário mais favorável ao produtor, à medida que mantém em recuperação o poder de compra do suinocultor frente ao insumo. No caso do farelo de soja, os valores registram avanço, mas de forma menos intensa que o animal vivo, contexto que também resulta em melhora na relação de troca ao produtor. No mercado de milho, segundo a Equipe Grãos/Cepea, a colheita segue acelerada na maior parte das regiões, elevando a oferta e pressionando os valores. Em relação ao farelo de soja, ainda de acordo com a Equipe Grãos/Cepea, o crescimento das demandas doméstica e externa pelo derivado contribuíram para a elevação dos preços, que registram alta mensal de 5,7%, enquanto para o suíno vivo negociado na região de SP-5 (Bragança Paulista, Campinas, Piracicaba, São Paulo e Sorocaba), a valorização é de 11,4%. Fonte: Cepea (', 'data_hora': '', 'Unnamed: 0': 4486, 'qtde_palavras_soja': 2.0}"                                                                                                                                                                                                                                                                                                                                                                                                                                                                                                                                                                                                                                                                                                                                                                                                                                                                                                                                                                                                                                                                                                                                             ,{}   ,2023-04-21 01:03:00.223915+00:00 ,2023-04-26 18:56:34.789851+00:00 ,     310 ,                1 ,                    0 ,                0 ,            0 ,                       0 ,                        ,      1 ,         3 ,[]              ,161 ,           3 ,"[{'id': '-Z_U1awOgb', 'type': 'choices', 'value': {'choices': ['Positiva']}, 'origin': 'manual', 'to_name': 'text', 'from_name': 'sentiment'}]"       ,False         ,False        ,2023-04-26T18:56:33.486063Z ,2023-04-26T18:56:33.486082Z , 151.269              ,{}         ,           0 ,5634c8a7-32c4-43fc-b24a-e720d4735029 ,            , 310 ,      1 ,         3 ,                  ,                  ,
110 , 320 ,0a93ad42-noticias_cepea_soja.csv ,[]                                                                                                                                                                                                                                                                                                                                                                                                                                                                        ,[]          ,"{'ano': 2016.0, 'mes': 1.0, 'url': 'https://www.cepea.esalq.usp.br/br/diarias-de-mercado/suinos-cepea-precos-dos-insumos-disparam-e-reduzem-poder-de-compra.aspx', 'data': '21/01/2016', 'titulo': 'SUÍNOS/CEPEA: Preços dos insumos disparam e reduzem poder de compra', 'noticia': 'Cepea, 21/01/2016 - As contínuas quedas nos valores do suíno vivo e as fortes altas nos preços do milho e do farelo de soja têm reduzido o poder de compra de suinocultores paulistas e catarinenses em até 40%, comparando-se a parcial de janeiro com igual intervalo do ano passado. Para os próximos dias, agentes consultados pelo Cepea acreditam na continuidade das quedas dos preços do vivo - o produto está nos menores patamares reais desde 2012. A desvalorização do suíno vivo segue atrelada à demanda interna retraída (instabilidade econômica e gastos típicos de início de ano) e, nos últimos dias, também ao aumento da oferta. Diante dos altos valores dos insumos, alguns suinocultores já consideram inviável manter a produção e, para não acumular prejuízos, têm elevado expressivamente o volume ofertado de animais, muitos deles com peso abaixo do ideal para abate. Os níveis atuais de preços do milho, por sua vez, refletem as exportações crescentes (dólar valorizado), que indicam estoques finais menores que os da temporada passada, além do que há expectativa de menor colheita neste ano. Para o farelo, a baixa disponibilidade neste período em que a colheita da soja está apenas começando e o câmbio favorável aos exportadores seguem sustentando os preços domésticos. ', 'data_hora': '2016-01-21', 'Unnamed: 0': 4675, 'qtde_palavras_soja': 2.0}"                                                                                                                                                                                                                                                                                                                                                                                                                                                                                                                                                                                                                                                                                                                                                                                                              ,{}   ,2023-04-21 01:03:00.224274+00:00 ,2023-04-26 04:33:52.660718+00:00 ,     320 ,                1 ,                    0 ,                0 ,            0 ,                       0 ,                        ,      1 ,         1 ,[]              ,126 ,           1 ,"[{'id': '8CGe93Xr9U', 'type': 'choices', 'value': {'choices': ['Negativa']}, 'origin': 'manual', 'to_name': 'text', 'from_name': 'sentiment'}]"       ,False         ,False        ,2023-04-26T04:33:51.338696Z ,2023-04-26T04:33:51.338713Z ,   9.864              ,{}         ,           0 ,e5e6adef-8065-4b3e-96a6-e0f924f7f3de ,            , 320 ,      1 ,         1 ,                  ,                  ,
111 , 352 ,0a93ad42-noticias_cepea_soja.csv ,[]                                                                                                                                                                                                                                                                                                                                                                                                                                                                        ,[]          ,"{'ano': '', 'mes': '', 'url': 'https://www.cepea.esalq.usp.br/br/diarias-de-mercado/soja-cepea-em-algumas-regioes-chuvas-ainda-sao-insuficientes.aspx', 'data': '', 'titulo': 'SOJA/CEPEA: Em algumas regiões, chuvas ainda são insuficientes', 'noticia': 'Cepea, 24/2/2014 - O clima esteve mais favorável às lavouras de soja na semana passada. Chuvas foram registradas em quase todas as regiões produtoras, mas o volume hídrico ainda é deficitário em alguns estados, como São Paulo e Minas Gerais. Segundo pesquisadores do Cepea, no Paraná, Rio Grande do Sul, Mato Grosso e Mato Grosso do Sul, as chuvas vieram em bons volumes, mas, para os dois primeiros estados, ainda há necessidade de que as precipitações sejam mais constantes para que não prejudique o desenvolvimento do grão da atual safra. Segundo a Emater/RS, as chuvas das últimas semanas favoreceram a manutenção da umidade do solo das lavoras gaúchas. Assim, o grão tem se desenvolvido de forma satisfatória. Até o último dia 20, da área semeada, 1% já havia sido colhida. Para o Paraná, de acordo com o Deral/Seab, até o dia 16, cerca de 32% da área de soja safra 2013/14 já havia sido colhida. ', 'data_hora': '', 'Unnamed: 0': 5949, 'qtde_palavras_soja': 2.0}"                                                                                                                                                                                                                                                                                                                                                                                                                                                                                                                                                                                                                                                                                                                                                                                                                                                                                                                                                                                                                                                                                                                                                                                                                                        ,{}   ,2023-04-21 01:03:00.225419+00:00 ,2023-04-22 16:37:56.746977+00:00 ,     352 ,                1 ,                    0 ,                0 ,            0 ,                       0 ,                        ,      1 ,         1 ,[]              , 93 ,           1 ,"[{'id': '8AgFE70WWH', 'type': 'choices', 'value': {'choices': ['Neutra']}, 'origin': 'manual', 'to_name': 'text', 'from_name': 'sentiment'}]"         ,False         ,False        ,2023-04-22T16:37:55.384535Z ,2023-04-22T16:37:55.384553Z ,   5.35               ,{}         ,           0 ,e4613f90-cf8d-4c9e-b456-33da6f8888ed ,            , 352 ,      1 ,         1 ,                  ,                  ,
112 , 364 ,0a93ad42-noticias_cepea_soja.csv ,[]                                                                                                                                                                                                                                                                                                                                                                                                                                                                        ,[]          ,"{'ano': 2021.0, 'mes': 1.0, 'url': 'https://www.cepea.esalq.usp.br/br/diarias-de-mercado/frango-cepea-poder-de-compra-frente-ao-farelo-e-o-mais-desfavoravel-desde-jul-12.aspx', 'data': '15/01/2021', 'titulo': 'FRANGO/CEPEA: Poder de compra frente ao farelo é o mais desfavorável desde jul/12', 'noticia': 'Cepea, 15/01/2021 – O recuo nas vendas de carne de frango no final de dezembro e neste início de janeiro fez com que o setor reajustasse negativamente os preços do animal para abate, segundo indicam pesquisas do Cepea. Já as cotações do milho e do farelo de soja, importantes insumos do setor, subiram, contexto que tem reduzido o poder de compra do avicultor. Conforme levantamento do Cepea, janeiro vem se caracterizando como o momento mais desfavorável ao avicultor desde maio de 2016 no caso da compra do cereal e desde julho de 2012 no caso da aquisição do derivado da soja. Fonte: ', 'data_hora': '2021-01-15', 'Unnamed: 0': 216, 'qtde_palavras_soja': 2.0}"                                                                                                                                                                                                                                                                                                                                                                                                                                                                                                                                                                                                                                                                                                                                                                                                                                                                                                                                                                                                                                                                                                                                                                                                                                                                                                                                                                                                                                                                                                    ,{}   ,2023-04-21 01:03:00.225862+00:00 ,2023-04-26 04:43:10.236886+00:00 ,     364 ,                1 ,                    0 ,                0 ,            0 ,                       0 ,                        ,      1 ,         1 ,[]              ,135 ,           1 ,"[{'id': 'rT1Xuvk7Zx', 'type': 'choices', 'value': {'choices': ['Negativa']}, 'origin': 'manual', 'to_name': 'text', 'from_name': 'sentiment'}]"       ,False         ,False        ,2023-04-26T04:43:08.929499Z ,2023-04-26T04:43:08.929514Z ,   8.355              ,{}         ,           0 ,41f72bfc-e611-408f-ab9f-363602667f09 ,            , 364 ,      1 ,         1 ,                  ,                  ,
113 , 372 ,0a93ad42-noticias_cepea_soja.csv ,"[{'id': 21, 'user': 'elizeumota@ufms.br', 'created_username': 'elizeumota@ufms.br, 3', 'created_ago': '8\xa0hours, 48\xa0minutes', 'result': [{'id': 'T-8uAdedfX', 'type': 'choices', 'value': {'choices': ['Positiva']}, 'origin': 'manual', 'to_name': 'text', 'from_name': 'sentiment'}], 'lead_time': 890.233, 'was_postponed': False, 'created_at': '2023-04-26T18:38:05.047314Z', 'updated_at': '2023-04-26T18:38:05.047339Z', 'task': 372, 'annotation': None}]"  ,[]          ,"{'ano': 2016.0, 'mes': 10.0, 'url': 'https://www.cepea.esalq.usp.br/br/diarias-de-mercado/soja-cepea-alta-do-dolar-impulsiona-valores-no-br.aspx', 'data': '31/10/2016', 'titulo': 'SOJA/CEPEA: Alta do dólar impulsiona valores no BR', 'noticia': 'Cepea, 31/10/2016 – Após iniciarem a última semana em queda no Brasil, os preços da soja começaram a reagir na quinta-feira, 27. A forte valorização do dólar no mercado internacional retraiu compradores do mercado norte-americano e pressionou os valores futuros do grão na CME Group (Bolsa de Chicago). Além disso, traders aproveitaram a alta do dólar para embolsar lucros. Conforme pesquisadores do Cepea, a valorização da moeda norte-americana no mercado internacional pode deslocar compradores para o Brasil. Assim, na sexta-feira, 28, a média ponderada da soja nas regiões paranaenses, refletida no Indicador CEPEA/ESALQ, foi de R$ 74,39/sc de 60 kg, aumento de 0,7% em relação à sexta anterior. O Indicador Paranaguá, ESALQ/BM&FBovespa, que se refere tanto ao grão sobre rodas quanto no corredor de exportação, na modalidade spot, fechou a R$ 77,89/sc de 60 kg, 2% maior em sete dias.', 'data_hora': '2016-10-31', 'Unnamed: 0': 4218, 'qtde_palavras_soja': 2.0}"                                                                                                                                                                                                                                                                                                                                                                                                                                                                                                                                                                                                                                                                                                                                                                                                                                                                                                                                                                                                                                                                                                                                                                                                                                                  ,{}   ,2023-04-21 01:03:00.226157+00:00 ,2023-04-26 18:38:04.538551+00:00 ,     372 ,                1 ,                    0 ,                0 ,            0 ,                       0 ,                        ,      1 ,         3 ,[]              ,158 ,           3 ,"[{'id': 'T-8uAdedfX', 'type': 'choices', 'value': {'choices': ['Positiva']}, 'origin': 'manual', 'to_name': 'text', 'from_name': 'sentiment'}]"       ,False         ,False        ,2023-04-26T18:38:03.267725Z ,2023-04-26T18:38:03.267745Z , 892.366              ,{}         ,           0 ,8c35bdc9-0e3d-4b77-8664-3d58f9e250c4 ,            , 372 ,      1 ,         3 ,                  ,                  ,
114 , 399 ,0a93ad42-noticias_cepea_soja.csv ,[]                                                                                                                                                                                                                                                                                                                                                                                                                                                                        ,[]          ,"{'ano': 2013.0, 'mes': 9.0, 'url': 'https://www.cepea.esalq.usp.br/br/diarias-de-mercado/soja-cepea-mercado-interno-tem-baixa-liquidez.aspx', 'data': '09/09/2013', 'titulo': 'SOJA/CEPEA: Mercado interno tem baixa liquidez', 'noticia': 'Cepea, 09/09/2013 - Após as altas registradas em algumas semanas de agosto, agentes estão cautelosos em realizar novas negociações envolvendo a soja no mercado interno. As divergências entre as ofertas de compradores e de vendedores também causam lentidão nas negociações. Segundo pesquisadores do Cepea, as atenções continuam direcionadas à área a ser colhida nos Estados Unidos e à área a ser semeada no Brasil. Entretanto, os valores elevados incentivam sojicultores a negociarem soja para a próxima safra, que, no geral, está em ritmo bem menor que nos anos anteriores. Os preços médios FOB porto de Paranaguá para entrega no primeiro semestre de 2014 estão em torno de US$ 28,80/saca de 60 kg. No físico brasileiro, entre 30 de agosto e 6 de setembro, o Indicador ESALQ/BM&FBovespa (produto transferido para armazéns do porto de Paranaguá), em moeda nacional, recuou ligeiro 0,5%, fechando a R$ 73,30/sc de 60 kg na sexta-feira, 6. Ao ser convertido para dólar, moeda prevista nos contratos futuros da BM&FBovespa, o Indicador fechou a US$ 31,77/sc de 60 kg, alta de 2,78% no período. ', 'data_hora': '2013-09-09', 'Unnamed: 0': 6166, 'qtde_palavras_soja': 2.0}"                                                                                                                                                                                                                                                                                                                                                                                                                                                                                                                                                                                                                                                                                                                                                                                                                                                                                                                                                                                                                                                  ,{}   ,2023-04-21 01:03:00.227129+00:00 ,2023-04-26 04:44:46.023197+00:00 ,     399 ,                1 ,                    0 ,                0 ,            0 ,                       0 ,                        ,      1 ,         1 ,[]              ,140 ,           1 ,"[{'id': 'O8VijZjDV6', 'type': 'choices', 'value': {'choices': ['Neutra']}, 'origin': 'manual', 'to_name': 'text', 'from_name': 'sentiment'}]"         ,False         ,False        ,2023-04-26T04:44:44.680355Z ,2023-04-26T04:44:44.680380Z ,   9.388              ,{}         ,           0 ,17e34787-a065-4d07-9abc-58044742f90a ,            , 399 ,      1 ,         1 ,                  ,                  ,
115 , 407 ,0a93ad42-noticias_cepea_soja.csv ,[]                                                                                                                                                                                                                                                                                                                                                                                                                                                                        ,[]          ,"{'ano': '', 'mes': '', 'url': 'https://www.cepea.esalq.usp.br/br/diarias-de-mercado/soja-cepea-valor-segue-em-queda-producao-do-br-deve-ser-a-maior-do-mundo.aspx', 'data': '', 'titulo': 'SOJA/CEPEA: Valor segue em queda; produção do BR deve ser a maior do mundo', 'noticia': 'Cepea, 3/2/2014 - Os valores internos da soja em grão seguem em queda, ainda influenciados pela colheita recorde no Brasil. Na última quarta-feira, 29, também como resultado do dólar elevado, o Indicador da soja CEPEA/ESALQ/BM&FBovespa (produto transferido para armazéns do porto de Paranaguá) registrou o menor patamar em dois anos, quando fechou a US$ 27,73/sc de 60 kg. Em janeiro, o Indicador em Reais recuou 11,72%, a R$ 68,20/saca de 60 kg na sexta-feira, 31. Segundo pesquisadores do Cepea, na última semana, o alto nível pluviométrico limitou os trabalhos de campo em Mato Grosso. Já em Goiás e nos estados produtores do Norte e Nordeste o clima esteve mais favorável à colheita. No Sul, Sudeste e em parte sul de Mato Grosso do Sul, o clima quente e seco favoreceu os trabalhos de campo, mas está deixando produtores preocupados quanto ao desenvolvimento das lavouras em fase de floração e frutificação. O Brasil deve se consolidar como o maior produtor mundial na temporada 2013/14. Novas estimativas do USDA elevaram os números brasileiros para 89,5 milhões de toneladas, iguais aos da safra norte-americana passada. A Conab e consultorias privadas brasileiras apontam uma produção ainda maior no País. ', 'data_hora': '', 'Unnamed: 0': 5912, 'qtde_palavras_soja': 2.0}"                                                                                                                                                                                                                                                                                                                                                                                                                                                                                                                                                                                                                                                                                                                                                                                                                                                                                        ,{}   ,2023-04-21 01:03:00.227416+00:00 ,2023-04-26 04:42:09.483155+00:00 ,     407 ,                1 ,                    0 ,                0 ,            0 ,                       0 ,                        ,      1 ,         1 ,[]              ,131 ,           1 ,"[{'id': 'MbLjEcFcLk', 'type': 'choices', 'value': {'choices': ['Negativa']}, 'origin': 'manual', 'to_name': 'text', 'from_name': 'sentiment'}]"       ,False         ,False        ,2023-04-26T04:42:08.171301Z ,2023-04-26T04:42:08.171316Z , 416.557              ,{}         ,           0 ,c20247c2-14e3-4c80-9899-c458fb7d8c4b ,            , 407 ,      1 ,         1 ,                  ,                  ,
116 , 419 ,0a93ad42-noticias_cepea_soja.csv ,[]                                                                                                                                                                                                                                                                                                                                                                                                                                                                        ,[]          ,"{'ano': 2020.0, 'mes': 8.0, 'url': 'https://www.cepea.esalq.usp.br/br/diarias-de-mercado/suinos-cepea-precos-recordes-do-vivo-elevam-poder-de-compra-do-suinocultor.aspx', 'data': '27/08/2020', 'titulo': 'SUÍNOS/CEPEA: Preços recordes do vivo elevam poder de compra do suinocultor', 'noticia': 'Cepea, 27/08/2020 – Mesmo diante da forte e seguida alta nos valores dos principais insumos de alimentação da suinocultura, milho e farelo de soja, os preços recordes do animal vivo elevam o poder de compra dos produtores consultados pelo Cepea em agosto, que, inclusive, supera o verificado no mesmo mês de 2019. No mercado de suínos, a oferta restrita de animais para abate e a demanda aquecida da indústria por novos lotes, principalmente por conta das exportações aquecidas, mantêm em elevação os valores no mercado independente. Quanto ao milho, segundo a Equipe de Grãos do Cepea, os preços seguem em acentuado movimento de alta no mercado interno desde junho, mesmo com a colheita avançada da segunda safra e com estimativas apontando produção recorde. O impulso vem da retração de vendedores, que limitam a disponibilidade do cereal no spot brasileiro, da demanda interna firme e das exportações em ritmo aquecido. Para o farelo de soja, as altas expressivas se devem ao aumento no preço da matéria-prima e à demanda doméstica aquecida pelo derivado, principalmente por conta da avicultura e suinocultura. Fonte: Cepea – ', 'data_hora': '2020-08-27', 'Unnamed: 0': 321, 'qtde_palavras_soja': 2.0}"                                                                                                                                                                                                                                                                                                                                                                                                                                                                                                                                                                                                                                                                                                                                                                                                                                                                                                                                                  ,{}   ,2023-04-21 01:03:00.227949+00:00 ,2023-04-26 04:34:54.642472+00:00 ,     419 ,                1 ,                    0 ,                0 ,            0 ,                       0 ,                        ,      1 ,         1 ,[]              ,129 ,           1 ,"[{'id': 'OK-2qsGEYf', 'type': 'choices', 'value': {'choices': ['Neutra']}, 'origin': 'manual', 'to_name': 'text', 'from_name': 'sentiment'}]"         ,False         ,False        ,2023-04-26T04:34:53.323415Z ,2023-04-26T04:34:53.323430Z ,  28.601              ,{}         ,           0 ,9c632ed8-c3b1-4e27-aa1b-7153ed54d7f6 ,            , 419 ,      1 ,         1 ,                  ,                  ,
117 , 449 ,0a93ad42-noticias_cepea_soja.csv ,[]                                                                                                                                                                                                                                                                                                                                                                                                                                                                        ,[]          ,"{'ano': '', 'mes': '', 'url': 'https://www.cepea.esalq.usp.br/br/diarias-de-mercado/soja-cepea-liquidez-recua-no-spot-mas-aumenta-para-2-semestre.aspx', 'data': '', 'titulo': 'SOJA/CEPEA: Liquidez recua no spot, mas aumenta para 2º semestre', 'noticia': 'Cepea, 20/04/20 – As negociações de soja no mercado spot estiveram em ritmo lento na semana passada; no entanto, a liquidez aumentou para entregas entre julho e agosto deste ano, conforme indicam pesquisadores do Cepea. Este cenário, atípico para o período, está atrelado aos elevados patamares de preços. O Indicador ESALQ/BM&FBovespa da soja Paranaguá (PR) subiu 0,85% entre 9 e 17 de abril, fechando a R$ 100,93/saca de 60 kg nessa sexta-feira, 17. O Indicador CEPEA/ESALQ Paraná avançou 1,72% entre 9 e 17 de abril, a R$ 95,03/sc de 60 kg no dia 17. Fonte: Cepea – ', 'data_hora': '', 'Unnamed: 0': 780, 'qtde_palavras_soja': 2.0}"                                                                                                                                                                                                                                                                                                                                                                                                                                                                                                                                                                                                                                                                                                                                                                                                                                                                                                                                                                                                                                                                                                                                                                                                                                                                                                                                                                                                                                                                                                                                                                                   ,{}   ,2023-04-21 01:03:00.229182+00:00 ,2023-04-26 04:32:55.415733+00:00 ,     449 ,                1 ,                    0 ,                0 ,            0 ,                       0 ,                        ,      1 ,         1 ,[]              ,122 ,           1 ,"[{'id': 'e98vUM3Ooj', 'type': 'choices', 'value': {'choices': ['Positiva']}, 'origin': 'manual', 'to_name': 'text', 'from_name': 'sentiment'}]"       ,False         ,False        ,2023-04-26T04:32:54.078208Z ,2023-04-26T04:32:54.078225Z ,   8.645              ,{}         ,           0 ,19524a46-61bf-4b9e-b3e2-6fa04bcaffe8 ,            , 449 ,      1 ,         1 ,                  ,                  ,
118 , 465 ,0a93ad42-noticias_cepea_soja.csv ,[]                                                                                                                                                                                                                                                                                                                                                                                                                                                                        ,[]          ,"{'ano': 2023.0, 'mes': 4.0, 'url': 'https://www.cepea.esalq.usp.br/br/diarias-de-mercado/soja-cepea-preco-da-soja-sobe-no-br-exportacao-de-marco-e-recorde-para-o-mes.aspx', 'data': '10/04/2023', 'titulo': 'SOJA/CEPEA: Preço da soja sobe no BR; exportação de março é recorde para o mês', 'noticia': 'Cepea, 10/04/2023 – As cotações internas da soja têm registrado variações positivas nos últimos dias, resultado do avanço no preço externo, da baixa produtividade das lavouras argentinas e, sobretudo, da maior demanda externa pelo grão brasileiro. De acordo com a Secex, o Brasil exportou em março/23 mais que o dobro do volume escoado em fevereiro/23 e 8,8% a mais que o de março/22, totalizando 13,27 milhões de toneladas. Essa é a maior quantidade de soja enviada ao exterior desde maio/21 e um recorde para março. Fonte: Cepea (', 'data_hora': '2023-04-10', 'Unnamed: 0': 12, 'qtde_palavras_soja': 2.0}"                                                                                                                                                                                                                                                                                                                                                                                                                                                                                                                                                                                                                                                                                                                                                                                                                                                                                                                                                                                                                                                                                                                                                                                                                                                                                                                                                                                                                                                                                                                                                                   ,{}   ,2023-04-21 01:03:00.229813+00:00 ,2023-04-26 04:45:00.760425+00:00 ,     465 ,                1 ,                    0 ,                0 ,            0 ,                       0 ,                        ,      1 ,         1 ,[]              ,141 ,           1 ,"[{'id': 'wCwHTp4YvH', 'type': 'choices', 'value': {'choices': ['Positiva']}, 'origin': 'manual', 'to_name': 'text', 'from_name': 'sentiment'}]"       ,False         ,False        ,2023-04-26T04:44:59.441139Z ,2023-04-26T04:44:59.441152Z ,   9.741              ,{}         ,           0 ,91a875cf-a8b6-4d1c-867c-68fb1419d91c ,            , 465 ,      1 ,         1 ,                  ,                  ,
119 , 497 ,0a93ad42-noticias_cepea_soja.csv ,[]                                                                                                                                                                                                                                                                                                                                                                                                                                                                        ,[]          ,"{'ano': 2018.0, 'mes': 8.0, 'url': 'https://www.cepea.esalq.usp.br/br/diarias-de-mercado/soja-cepea-apesar-de-forte-alta-do-dolar-demanda-limita-aumento.aspx', 'data': '27/08/2018', 'titulo': 'SOJA/CEPEA: Apesar de forte alta do dólar, demanda limita aumento', 'noticia': 'Cepea, 27/08/2018 – Os preços da soja subiram no mercado brasileiro nos últimos dias. Pesquisadores do Cepea afirmam que, apesar da forte valorização do dólar frente ao Real, a demanda enfraquecida limitou os avanços internos. Segundo traders consultados pelo Cepea, praticamente não houve procura externa pela oleaginosa brasileira nos últimos dias. Isso se deve também à expressiva queda nos contratos futuros na CME Group (Bolsa de Chicago), devido às boas condições das lavouras norte-americanas, cenário que alimenta as expectativas de safra recorde na temporada 2018/2019. O Indicador ESALQ/BM&FBovespa da soja Paranaguá (PR) subiu leve 0,44% entre 17 e 24 de agosto, a R$ 91,19/saca de 60 kg nessa sexta-feira. O Indicador CEPEA/ESALQ Paraná teve aumento de 1,32% no mesmo comparativo, a R$ 85,06/sc de 60 kg. ', 'data_hora': '2018-08-27', 'Unnamed: 0': 1570, 'qtde_palavras_soja': 2.0}"                                                                                                                                                                                                                                                                                                                                                                                                                                                                                                                                                                                                                                                                                                                                                                                                                                                                                                                                                                                                                                                                                                                                                                                                                                                                                              ,{}   ,2023-04-21 01:03:00.231104+00:00 ,2023-04-26 19:12:19.040697+00:00 ,     497 ,                1 ,                    0 ,                0 ,            0 ,                       0 ,                        ,      1 ,         3 ,[]              ,168 ,           3 ,"[{'id': '6WANxDZeJW', 'type': 'choices', 'value': {'choices': ['Positiva']}, 'origin': 'manual', 'to_name': 'text', 'from_name': 'sentiment'}]"       ,False         ,False        ,2023-04-26T19:12:17.786068Z ,2023-04-26T19:12:17.786083Z ,  84.388              ,{}         ,           0 ,ba723201-9744-4c0c-b2c6-cb8eb0658b2a ,            , 497 ,      1 ,         3 ,                  ,                  ,
120 , 499 ,0a93ad42-noticias_cepea_soja.csv ,[]                                                                                                                                                                                                                                                                                                                                                                                                                                                                        ,[]          ,"{'ano': 2011.0, 'mes': 12.0, 'url': 'https://www.cepea.esalq.usp.br/br/diarias-de-mercado/soja-cepea-plantio-chega-a-reta-final-no-brasil.aspx', 'data': '5/12/2011', 'titulo': 'SOJA/CEPEA: Plantio chega à reta final no Brasil', 'noticia': 'Cepea, 5/12/2011 - Com o plantio da soja caminhando para o final, as negociações têm sido lentas no mercado brasileiro. Segundo agentes colaboradores do Cepea, aproximadamente 85% da área de soja já foi semeada. Nas regiões de Mato Grosso, Mato Grosso do Sul e Paraná faltam cerca de 5% para serem semeados. No estado de São Paulo, 87% da área já está plantada, em Goiás, cerca de 90% e, no Rio Grande do Sul e em Santa Catarina, 80%. Quanto aos preços no mercado brasileiro, têm sido praticamente nominais. Entre 25 de novembro e 2 de dezembro, o Indicador ESALQ/BM&FBovespa (produto transferido para armazéns do porto de Paranaguá) em dólar (moeda prevista nos contratos futuros da BM&FBovespa) subiu expressivos 4,95%, fechando a US$ 26,69/sc de 60 kg, na sexta-feira. Em moeda nacional, o Indicador registrou ligeira baixa de 0,23% e finalizou a R$ 47,82/sc. Quanto à média ponderada das regiões paranaenses, refletida no Indicador CEPEA/ESALQ, fechou a R$ 44,79/sc na sexta, queda de 1,7% em relação à sexta-feira anterior. ', 'data_hora': '2011-12-05', 'Unnamed: 0': 7045, 'qtde_palavras_soja': 2.0}"                                                                                                                                                                                                                                                                                                                                                                                                                                                                                                                                                                                                                                                                                                                                                                                                                                                                                                                                                                                                                                                                                                           ,{}   ,2023-04-21 01:03:00.231176+00:00 ,2023-04-26 04:43:55.751393+00:00 ,     499 ,                1 ,                    0 ,                0 ,            0 ,                       0 ,                        ,      1 ,         1 ,[]              ,137 ,           1 ,"[{'id': 'AFcA-c56sW', 'type': 'choices', 'value': {'choices': ['Neutra']}, 'origin': 'manual', 'to_name': 'text', 'from_name': 'sentiment'}]"         ,False         ,False        ,2023-04-26T04:43:54.439407Z ,2023-04-26T04:43:54.439422Z ,  22.928              ,{}         ,           0 ,5f91f0ec-1b8f-4f65-84e0-089b5df7fa17 ,            , 499 ,      1 ,         1 ,                  ,                  ,
121 , 504 ,0a93ad42-noticias_cepea_soja.csv ,[]                                                                                                                                                                                                                                                                                                                                                                                                                                                                        ,[]          ,"{'ano': 2019.0, 'mes': 4.0, 'url': 'https://www.cepea.esalq.usp.br/br/diarias-de-mercado/soja-cepea-negocios-sao-limitados-devido-a-dificuldade-de-embarques.aspx', 'data': '15/04/2019', 'titulo': 'SOJA/CEPEA: Negócios são limitados, devido à dificuldade de embarques', 'noticia': 'Cepea, 15/04/2019 – O ritmo das exportações de soja e derivados diminuiu nesta semana, devido à dificuldade de embarque. Alguns traders consultados pelo Cepea indicam que as chuvas ocorridas nas últimas semanas atrasaram a programação de escoamento nos principais portos brasileiros: Santos (SP), Paranaguá (PR) e Rio Grande (RS). Esse cenário diminuiu as cotas nos armazéns portuários para tradings que pretendiam enviar novos lotes para esses portos. As exportações foram limitadas também pelo atraso de navios, especialmente em Santos. Neste caso, os lotes que deveriam ser escoados nas duas últimas semanas foram prorrogados para a segunda quinzena deste mês. Na região do Matopiba, de acordo com levantamento do Cepea, precipitações seguem atrasando a colheita e limitando as comercializações. Quanto aos preços, o Indicador ESALQ/BM&FBovespa da soja Paranaguá recuou 1,2%, a R$ 76,50/saca de 60 kg no dia 12. No mesmo comparativo, o Indicador CEPEA/ESALQ Paraná teve baixa de 0,8%, a R$ 71,87/sc de 60 kg nessa sexta. Fonte: Cepea – www.cepea.esalq.usp.br', 'data_hora': '2019-04-15', 'Unnamed: 0': 2734, 'qtde_palavras_soja': 2.0}"                                                                                                                                                                                                                                                                                                                                                                                                                                                                                                                                                                                                                                                                                                                                                                                                                                                                                                                                                                                                                                  ,{}   ,2023-04-21 01:03:00.231351+00:00 ,2023-04-26 04:42:24.941230+00:00 ,     504 ,                1 ,                    0 ,                0 ,            0 ,                       0 ,                        ,      1 ,         1 ,[]              ,132 ,           1 ,"[{'id': '0H-kLj4Zid', 'type': 'choices', 'value': {'choices': ['Negativa']}, 'origin': 'manual', 'to_name': 'text', 'from_name': 'sentiment'}]"       ,False         ,False        ,2023-04-26T04:42:23.614154Z ,2023-04-26T04:42:23.614171Z ,  10.312              ,{}         ,           0 ,f3f65e2d-f0c2-479e-9ccd-a25d90478ca6 ,            , 504 ,      1 ,         1 ,                  ,                  ,
122 , 508 ,0a93ad42-noticias_cepea_soja.csv ,[]                                                                                                                                                                                                                                                                                                                                                                                                                                                                        ,[]          ,"{'ano': 2012.0, 'mes': 9.0, 'url': 'https://www.cepea.esalq.usp.br/br/diarias-de-mercado/soja-cepea-demanda-firme-e-escassez-de-oferta-mantem-precos-elevados.aspx', 'data': '10/09/2012', 'titulo': 'SOJA/CEPEA: Demanda firme e escassez de oferta mantêm preços elevados', 'noticia': 'Cepea, 10/09/2012 - As cotações de soja e derivados seguem elevados nos Estados Unidos e no Brasil, devido à oferta restrita e à demanda firme. Com isso, o cultivo de soja deve ganhar área na próxima safra da América do Sul, o que pode proporcionar produção recorde, caso o clima colabore. Em relação à próxima temporada, produtores brasileiros adiantaram as compras de insumos, mas estão cautelosos quanto ao momento de iniciar a semeadura. Segundo colaboradores do Cepea, grande parte dos produtores está atenta a previsões climáticas para os próximos meses de modo a evitar que as lavouras sofram com falta de umidade no período de desenvolvimento. No mercado spot nacional, os preços permanecem firmes, porém praticamente nominais. Na parcial de setembro (entre 31 de agosto e 6 de setembro), o Indicador ESALQ/BM&FBovespa (produto transferido para armazéns do porto de Paranaguá) em dólar, moeda prevista nos contratos futuros da BM&FBovespa, teve alta de 0,87%, fechando a US$ 45,32/sc de 60 kg nessa quinta-feira, 6. Em moeda nacional, o Indicador também registrou elevação de 0,87%, a R$ 92,00/saca de 60 kg nessa quinta. A média ponderada das regiões paranaenses, refletida no Indicador CEPEA/ESALQ, foi de R$ 85,96/sc de 60 kg na quinta-feira, com aumento de 0,75% no acumulado do mês. ', 'data_hora': '2012-09-10', 'Unnamed: 0': 6741, 'qtde_palavras_soja': 2.0}"                                                                                                                                                                                                                                                                                                                                                                                                                                                                                                                                                                                                                                                                                                                                                                                      ,{}   ,2023-04-21 01:03:00.231492+00:00 ,2023-04-26 04:47:37.111843+00:00 ,     508 ,                1 ,                    0 ,                0 ,            0 ,                       0 ,                        ,      1 ,         1 ,[]              ,149 ,           1 ,"[{'id': 'f-jgDjYRuF', 'type': 'choices', 'value': {'choices': ['Positiva']}, 'origin': 'manual', 'to_name': 'text', 'from_name': 'sentiment'}]"       ,False         ,False        ,2023-04-26T04:47:35.770369Z ,2023-04-26T04:47:35.770384Z ,   8.638              ,{}         ,           0 ,913a84b6-c427-4abe-b465-8f005a7e821d ,            , 508 ,      1 ,         1 ,                  ,                  ,
123 , 513 ,0a93ad42-noticias_cepea_soja.csv ,[]                                                                                                                                                                                                                                                                                                                                                                                                                                                                        ,[]          ,"{'ano': 2018.0, 'mes': 8.0, 'url': 'https://www.cepea.esalq.usp.br/br/diarias-de-mercado/soja-cepea-cotacoes-seguem-em-alta.aspx', 'data': '20/08/2018', 'titulo': 'SOJA/CEPEA: Cotações seguem em alta', 'noticia': 'Cepea, 20/08/2018 – Com menor excedente interno da safra 2017/18 e com baixa oferta de caminhões, grande parte dos sojicultores consultados pelo Cepea prefere\xa0guardar a oleaginosa em estoque para comercializar a partir de outubro, que sinaliza paridade de exportação mais atrativa apesar da colheita americana. Agentes colaboradores do Cepea relatam que a logística para entrega em setembro já está praticamente tomada, impedindo novas grandes negociações para entrega neste período. No geral, a demanda externa pelo grão brasileiro segue aquecida, cenário que tem mantido os prêmios de exportação do Brasil em alta. Adicionado à maior taxa de câmbio, os preços de soja seguem elevados. O Indicador ESALQ/BM&FBovespa da soja Paranaguá (PR) avançou 1,83% entre 10 e 17 de agosto, a R$ 90,79/saca de 60 kg nessa sexta-feira. No mesmo comparativo, o Indicador CEPEA/ESALQ Paraná subiu 0,87%, a R$ 83,95/sc de 60 kg. A elevação nos preços domésticos se deve também a valorização do dólar frente ao Real. ', 'data_hora': '2018-08-20', 'Unnamed: 0': 1468, 'qtde_palavras_soja': 2.0}"                                                                                                                                                                                                                                                                                                                                                                                                                                                                                                                                                                                                                                                                                                                                                                                                                                                                                                                                                                                                                                                                                                                                                               ,{}   ,2023-04-21 01:03:00.231669+00:00 ,2023-04-26 19:20:40.603632+00:00 ,     513 ,                1 ,                    0 ,                0 ,            0 ,                       0 ,                        ,      1 ,         3 ,[]              ,170 ,           3 ,"[{'id': 'DeRljaQILy', 'type': 'choices', 'value': {'choices': ['Positiva']}, 'origin': 'manual', 'to_name': 'text', 'from_name': 'sentiment'}]"       ,False         ,False        ,2023-04-26T19:20:39.359401Z ,2023-04-26T19:20:39.359416Z , 228.287              ,{}         ,           0 ,df21fc17-a863-4930-b16a-0594f469f150 ,            , 513 ,      1 ,         3 ,                  ,                  ,
124 , 519 ,0a93ad42-noticias_cepea_soja.csv ,[]                                                                                                                                                                                                                                                                                                                                                                                                                                                                        ,[]          ,"{'ano': 2019.0, 'mes': 1.0, 'url': 'https://www.cepea.esalq.usp.br/br/diarias-de-mercado/ovos-cepea-poder-de-compra-do-avicultor-inicia-2019-em-queda.aspx', 'data': '18/01/2019', 'titulo': 'OVOS/CEPEA: Poder de compra do avicultor inicia 2019 em queda', 'noticia': 'Cepea, 18/01/2019 – De acordo com pesquisadores do Cepea, a oferta elevada, que segue pressionando as cotações dos ovos, tem impactado negativamente o poder de compra do avicultor de postura paulista frente aos principais insumos utilizados na alimentação das poedeiras, o milho e o farelo de soja. Na parcial deste mês, a quantidade de cereal que o produtor consegue comprar com a venda dos ovos brancos é a menor de toda a série do Cepea, iniciada em maio/13. Já sobre a quantidade do derivado da soja, é a menor desde dezembro/13. Fonte: Cepea –\xa0', 'data_hora': '2019-01-18', 'Unnamed: 0': 2962, 'qtde_palavras_soja': 2.0}"                                                                                                                                                                                                                                                                                                                                                                                                                                                                                                                                                                                                                                                                                                                                                                                                                                                                                                                                                                                                                                                                                                                                                                                                                                                                                                                                                                                                                                                                                                                                                                              ,{}   ,2023-04-21 01:03:00.231923+00:00 ,2023-04-22 16:38:43.886371+00:00 ,     519 ,                1 ,                    0 ,                0 ,            0 ,                       0 ,                        ,      1 ,         1 ,[]              , 97 ,           1 ,"[{'id': '-CXZ5tBSAg', 'type': 'choices', 'value': {'choices': ['Negativa']}, 'origin': 'manual', 'to_name': 'text', 'from_name': 'sentiment'}]"       ,False         ,False        ,2023-04-22T16:38:42.508592Z ,2023-04-22T16:38:42.508610Z ,   9.39               ,{}         ,           0 ,5dd5e3f1-bffd-4507-80b5-e69160fdf8df ,            , 519 ,      1 ,         1 ,                  ,                  ,
125 , 522 ,0a93ad42-noticias_cepea_soja.csv ,[]                                                                                                                                                                                                                                                                                                                                                                                                                                                                        ,[]          ,"{'ano': '', 'mes': '', 'url': 'https://www.cepea.esalq.usp.br/br/diarias-de-mercado/soja-cepea-procura-elevada-alta-do-dolar-e-problemas-logisticos-elevam-precos-domesticos.aspx', 'data': '', 'titulo': 'SOJA/CEPEA: Procura elevada, alta do dólar e problemas logísticos elevam preços domésticos', 'noticia': 'Cepea, 8/3/2021 – Os preços da soja subiram no mercado brasileiro nos últimos dias, impulsionados pela valorização do dólar, pela firme demanda e pelo atraso nos embarques do grão. Esse atraso se deve à baixa disponibilidade de caminhões, o que tem gerado filas de navios nos portos. Agentes consultados pelo Cepea indicam que o frete rodoviário saltou de R$ 110,00/tonelada no início de fevereiro para aproximadamente R$ 200,00/t na primeira semana de março. Com o atraso na colheita e na entrega da soja, o volume disponível no mercado spot segue baixo, elevando as cotações. O Indicador ESALQ/BM&FBovespa – Paranaguá subiu 4,1% entre 26 de fevereiro e 5 de março, fechando a R$ 174,34/sc na sexta-feira, 5. O Indicador CEPEA/ESALQ Paraná registrou alta de 3,6% na mesma comparação, a R$ 166,40/sc de 60 kg no dia 5. Fonte: ', 'data_hora': '', 'Unnamed: 0': 106, 'qtde_palavras_soja': 2.0}"                                                                                                                                                                                                                                                                                                                                                                                                                                                                                                                                                                                                                                                                                                                                                                                                                                                                                                                                                                                                                                                                                                                                                                                                                                                             ,{}   ,2023-04-21 01:03:00.232030+00:00 ,2023-04-26 17:43:00.138829+00:00 ,     522 ,                1 ,                    0 ,                0 ,            0 ,                       0 ,                        ,      1 ,         3 ,[]              ,153 ,           3 ,"[{'id': 'GkOlj1itSF', 'type': 'choices', 'value': {'choices': ['Positiva']}, 'origin': 'manual', 'to_name': 'text', 'from_name': 'sentiment'}]"       ,False         ,False        ,2023-04-26T17:42:58.857272Z ,2023-04-26T17:42:58.857294Z , 122.257              ,{}         ,           0 ,fc176b95-aa39-49a4-ac54-ed4049b299c3 ,            , 522 ,      1 ,         3 ,                  ,                  ,
126 , 544 ,0a93ad42-noticias_cepea_soja.csv ,[]                                                                                                                                                                                                                                                                                                                                                                                                                                                                        ,[]          ,"{'ano': 2011.0, 'mes': 12.0, 'url': 'https://www.cepea.esalq.usp.br/br/diarias-de-mercado/soja-cepea-colheita-deve-comecar-nesta-semana-em-mato-grosso.aspx', 'data': '26/12/2011', 'titulo': 'SOJA/CEPEA: Colheita deve começar nesta semana em Mato Grosso', 'noticia': 'Cepea, 26/12/2011 - A colheita da safra 2011/12 deve começar nesta semana, com Mato Grosso devendo abrir os trabalhos. No Paraná, as máquinas devem ir a campo em cerca de quinze dias. A falta de chuvas na segunda quinzena de novembro e em boa parte de dezembro em algumas regiões do Centro-Oeste, do Sudeste e em praticamente todas as regiões agrícolas importantes do Sul deve reduzir a produtividade. Na Argentina, os trabalhos de cultivo estão praticamente suspensos também por falta de chuva. Os dados de oferta e demanda mundial do USDA (Ministérios da Agricultura dos Estados Unidos) divulgados no início de dezembro já sinalizavam que os estoques de passagens da safra 2011/12 devem se reduzir, levando a uma relação estoque/consumo de 28,1%, a menor em três safras. No mercado brasileiro, as negociações de soja e derivados estão bastante lentas neste final de ano. As negociações têm sido registradas apenas em pequenos lotes no interior do País. Representando o preço médio ponderado das regiões paranaenses, o Indicador CEPEA/ESALQ fechou a R$ 45,64/sc nessa sexta, ligeira baixa de 0,5% sobre a sexta anterior. No porto de Paranaguá, devido à baixa liquidez, o Indicador ESALQ/BM&FBovespa, que representa a cotação média da soja posta em armazém desse porto, tem sido frequentemente arbitrado - está em R$ 47,50/sc desde o dia 16 de dezembro ', 'data_hora': '2011-12-26', 'Unnamed: 0': 6967, 'qtde_palavras_soja': 2.0}"                                                                                                                                                                                                                                                                                                                                                                                                                                                                                                                                                                                                                                                                                                                                            ,{}   ,2023-04-21 01:03:00.232854+00:00 ,2023-04-22 16:39:14.144864+00:00 ,     544 ,                1 ,                    0 ,                0 ,            0 ,                       0 ,                        ,      1 ,         1 ,[]              ,100 ,           1 ,"[{'id': 'cVLzPxay3y', 'type': 'choices', 'value': {'choices': ['Negativa']}, 'origin': 'manual', 'to_name': 'text', 'from_name': 'sentiment'}]"       ,False         ,False        ,2023-04-22T16:39:12.743293Z ,2023-04-22T16:39:12.743314Z ,   5.78               ,{}         ,           0 ,f33777a2-cf4f-4fff-8432-d02c8d5706e6 ,            , 544 ,      1 ,         1 ,                  ,                  ,
127 , 601 ,0a93ad42-noticias_cepea_soja.csv ,[]                                                                                                                                                                                                                                                                                                                                                                                                                                                                        ,[]          ,"{'ano': 2012.0, 'mes': 4.0, 'url': 'https://www.cepea.esalq.usp.br/br/diarias-de-mercado/soja-cepea-soja-brasileira-valoriza-mais-de-12-em-marco.aspx', 'data': '2/04/2012', 'titulo': 'SOJA/CEPEA: Soja brasileira valoriza mais de 12% em março', 'noticia': 'Cepea, 2/04/2012 - O Indicador CEPEA/ESALQ da soja, que reflete de forma ponderada os preços no estado do Paraná, teve altas praticamente diárias ao longo de março - caiu somente no dia 20 -, chegando à casa do R$ 54,00/saca de 60 kg. Em março, a alta alcançou 12,4%. Referente à soja em grão transferida para armazéns do porto de Paranaguá, o Indicador ESALQ/BM&FBovespa acumulou aumento de 14,46% no mês, a R$ 57,80/saca de 60 kg na sexta-feira, 30. Segundo pesquisadores do Cepea, esse ritmo tem refletido a boa demanda pelo produto brasileiro, que supera a oferta disponível mesmo neste período de final de safra. ', 'data_hora': '2012-04-02', 'Unnamed: 0': 6915, 'qtde_palavras_soja': 2.0}"                                                                                                                                                                                                                                                                                                                                                                                                                                                                                                                                                                                                                                                                                                                                                                                                                                                                                                                                                                                                                                                                                                                                                                                                                                                                                                                                                                                                                                                                                                                      ,{}   ,2023-04-21 01:03:00.234904+00:00 ,2023-04-22 16:38:19.006472+00:00 ,     601 ,                1 ,                    0 ,                0 ,            0 ,                       0 ,                        ,      1 ,         1 ,[]              , 95 ,           1 ,"[{'id': 'KYmJXL8T0i', 'type': 'choices', 'value': {'choices': ['Positiva']}, 'origin': 'manual', 'to_name': 'text', 'from_name': 'sentiment'}]"       ,False         ,False        ,2023-04-22T16:38:17.647823Z ,2023-04-22T16:38:17.647850Z ,   6.626              ,{}         ,           0 ,85826c28-745d-43c2-9ffa-e9fa0850322d ,            , 601 ,      1 ,         1 ,                  ,                  ,
128 , 615 ,0a93ad42-noticias_cepea_soja.csv ,"[{'id': 27, 'user': 'elizeumota@ufms.br', 'created_username': 'elizeumota@ufms.br, 3', 'created_ago': '8\xa0hours, 22\xa0minutes', 'result': [{'id': 'S14_BOYNcx', 'type': 'choices', 'value': {'choices': ['Negativa']}, 'origin': 'manual', 'to_name': 'text', 'from_name': 'sentiment'}], 'lead_time': 97.564, 'was_postponed': False, 'created_at': '2023-04-26T19:04:36.769648Z', 'updated_at': '2023-04-26T19:04:36.769682Z', 'task': 615, 'annotation': None}]"   ,[]          ,"{'ano': '', 'mes': '', 'url': 'https://www.cepea.esalq.usp.br/br/diarias-de-mercado/soja-cepea-cotacoes-recuam-mas-indicador-tem-maior-media-mensal-desde-jan-17.aspx', 'data': '', 'titulo': 'SOJA/CEPEA: Mesmo com dólar em queda, Indicador tem maior média mensal desde jan/17', 'noticia': 'Cepea, 24/7/2017 – Os preços da soja e de seus derivados estão enfraquecidos no mercado brasileiro, reflexo das desvalorizações do dólar frente ao Real e da cautela de compradores quanto a novas aquisições – por conta de expectativas de estoques finais elevados em dez/17 e de uma maior área semeada na safra 2017/18. Na última sexta-feira, 21, o dólar fechou a 3,138 BRL, baixa de 1,4% em sete dias. Mesmo assim, as médias dos Indicadores Paraná e Paranaguá este mês são as maiores desde fevereiro e janeiro, respectivamente, em termos reais (IGP-DI junho/17). Conforme colaboradores do Cepea, as altas do frete rodoviário, devido à maior concorrência com o transporte de milho, limitaram o recuo da soja nos últimos dias. Comparando-se a média parcial de julho (até o dia 21) com a do mês anterior, o Indicador CEPEA/ESALQ Paraná subiu significativos 4,4% e o ESALQ/BM&FBovespa Paranaguá, 4,9%. ', 'data_hora': '', 'Unnamed: 0': 3718, 'qtde_palavras_soja': 2.0}"                                                                                                                                                                                                                                                                                                                                                                                                                                                                                                                                                                                                                                                                                                                                                                                                                                                                                                                                                                                                                                                                                                                                                                                                        ,{}   ,2023-04-21 01:03:00.235392+00:00 ,2023-04-26 19:04:38.793368+00:00 ,     615 ,                1 ,                    0 ,                0 ,            0 ,                       0 ,                        ,      1 ,         3 ,[]              ,165 ,           3 ,"[{'id': 'S14_BOYNcx', 'type': 'choices', 'value': {'choices': ['Negativa']}, 'origin': 'manual', 'to_name': 'text', 'from_name': 'sentiment'}]"       ,False         ,False        ,2023-04-26T19:04:37.540536Z ,2023-04-26T19:04:37.540555Z ,  98.148              ,{}         ,           0 ,94dd64f3-126c-454f-ac2b-b0b6d0002cf2 ,            , 615 ,      1 ,         3 ,                  ,                  ,
129 , 650 ,0a93ad42-noticias_cepea_soja.csv ,[]                                                                                                                                                                                                                                                                                                                                                                                                                                                                        ,[]          ,"{'ano': 2009.0, 'mes': 2.0, 'url': 'https://www.cepea.esalq.usp.br/br/diarias-de-mercado/frango-avicultor-esta-no-melhor-momento-no-ano.aspx', 'data': '20/02/2009', 'titulo': 'FRANGO: Avicultor está no melhor momento no ano', 'noticia': 'Cepea,\xa020/02/2009 -\xa0Diante das altas nos preços do frango vivo desde o início do ano e das desvalorizações dos principais insumos utilizados na produção (milho e farelo de soja), o avicultor paulista se encontra na situação mais favorável deste ano. No interior do estado de São Paulo, o frango vivo acumula aumento de 2,1% na parcial deste mês, negociado a R$ 1,80/kg nessa quinta-feira, 19. A valorização decorre da menor produção de avicultores, visando controlar a oferta. No mesmo período, a saca de 60 kg milho caiu 7,95% em Campinas - SP. Dessa forma, o avicultor teve melhora de 10,95% no poder de compra - na última quinta-feira, 19, a venda de um quilo de frango rendeu 5,06 kg de milho. Para o farelo de soja, houve recuo de 1,77% no acumulado de fevereiro, fazendo com que o poder de compra do produtor aumentasse 4% no período. Na quinta, com a venda de um quilo do vivo o avicultor conseguiu comprar 1,97 kg de farelo. ', 'data_hora': '2009-02-20', 'Unnamed: 0': 8639, 'qtde_palavras_soja': 2.0}"                                                                                                                                                                                                                                                                                                                                                                                                                                                                                                                                                                                                                                                                                                                                                                                                                                                                                                                                                                                                                                                                                                                                                                                                       ,{}   ,2023-04-21 01:03:00.236672+00:00 ,2023-04-26 04:48:04.204721+00:00 ,     650 ,                1 ,                    0 ,                0 ,            0 ,                       0 ,                        ,      1 ,         1 ,[]              ,151 ,           1 ,"[{'id': 'itrouw6GAb', 'type': 'choices', 'value': {'choices': ['Positiva']}, 'origin': 'manual', 'to_name': 'text', 'from_name': 'sentiment'}]"       ,False         ,False        ,2023-04-26T04:48:02.863737Z ,2023-04-26T04:48:02.863757Z ,   7.956              ,{}         ,           0 ,ec6b8f43-ee0c-401e-993b-be5e18dc6b67 ,            , 650 ,      1 ,         1 ,                  ,                  ,
130 , 660 ,0a93ad42-noticias_cepea_soja.csv ,[]                                                                                                                                                                                                                                                                                                                                                                                                                                                                        ,[]          ,"{'ano': 2021.0, 'mes': 12.0, 'url': 'https://www.cepea.esalq.usp.br/br/diarias-de-mercado/ippa-cepea-indice-recua-em-novembro-pelo-terceiro-mes-seguido.aspx', 'data': '22/12/2021', 'titulo': 'IPPA/CEPEA: Índice recua em novembro pelo terceiro mês seguido', 'noticia': 'Cepea, 22/12/2021 – O IPPA/CEPEA (Índice de Preços ao Produtor de Grupos de Produtos Agropecuários) recuou 1,1% de outubro para novembro, em termos nominais – este foi o terceiro mês seguido de queda. Este resultado reflete as variações negativas observadas para o IPPA-Grãos e para o IPPA-Hortifrutícolas, de 3,8% e 0,4%, respectivamente. Na contramão, o IPPA-Cana-Café e o IPPA-Pecuária avançaram, 5,2% e 0,4%. Para o grupo de grãos, a queda esteve atrelada às desvalorizações do arroz em casca, do milho e da soja. No caso do arroz em casca, de acordo com pesquisadores do Cepea, os valores operaram abaixo dos custos de produção pela primeira vez desde abril de 2020, o que se deve às restrições de oferta de insumos importados e à forte desvalorização do Real frente ao dólar, que tem pressionado as margens de orizicultores. Para o milho, o resultado observado reflete o ritmo enfraquecido das exportações na atual temporada e o bom desempenho da semeadura da safra de verão. Para a soja, produtores tiveram necessidade de liberar estoques para a chegada da nova safra. Quanto aos hortifrutícolas, quedas importantes foram observadas para batata, tomate e uva. No caso da batata, o movimento foi consequência do aumento da oferta. Em relação ao tomate, o crescimento na disponibilidade e a queda da qualidade dos frutos pressionaram os valores. Já entre os produtos da pecuária, o resultado se deveu ao avanço dos preços nominais do boi gordo, visto que todos os demais itens que compõem o grupo apresentaram queda em novembro. No caso do boi, os valores nominais avançaram com intensidade ao longo de novembro, impulsionados pela retração da oferta de animais. Por fim, o café, principalmente, e a cana-de-açúcar registraram alta em novembro. No caso do café, a alta segue sustentada por preocupações com a oferta mundial para a próxima safra. Na mesma comparação, o IPA-OG-DI Produtos Industriais, calculado e divulgado pela FGV, caiu 0,93% – logo, de outubro para novembro, os preços agropecuários recuaram frente aos industriais da economia. Fonte: Cepea (', 'data_hora': '2021-12-22', 'Unnamed: 0': 8667, 'qtde_palavras_soja': 2.0}" ,{}   ,2023-04-21 01:03:00.237197+00:00 ,2023-04-26 19:10:49.591144+00:00 ,     660 ,                1 ,                    0 ,                0 ,            0 ,                       0 ,                        ,      1 ,         3 ,[]              ,167 ,           3 ,[]                                                                                                                                                     ,False         ,False        ,2023-04-26T19:10:48.338878Z ,2023-04-26T19:10:48.338893Z , 165.144              ,{}         ,           0 ,77d2028c-27d9-4a29-b0e8-6a1b00e7abd9 ,            , 660 ,      1 ,         3 ,                  ,                  ,
131 , 681 ,0a93ad42-noticias_cepea_soja.csv ,[]                                                                                                                                                                                                                                                                                                                                                                                                                                                                        ,[]          ,"{'ano': '', 'mes': '', 'url': 'https://www.cepea.esalq.usp.br/br/diarias-de-mercado/suinos-cepea-quedas-no-preco-do-vivo-ultrapassam-os-20-no-mes.aspx', 'data': '', 'titulo': 'SUÍNOS/CEPEA: Quedas no preço do vivo ultrapassam os 20% no mês', 'noticia': 'Cepea, 26/8/2011 - O movimento de baixa dos preços do suíno vivo persiste em praticamente todas as regiões pesquisadas pelo Cepea. No correr deste mês, as desvalorizações do animal chegam a 21% em praças de SP e do PR, ou seja, os recuos acontecem tanto em mercados dirigidos ao consumidor doméstico quanto à exportação. Por sua vez, insumos importantes para a atividade, como milho e farelo de soja, têm se mantido estáveis, resultando em perda do poder de compra dos suinocultores. As mais intensas desvalorizações do vivo nessa parcial de agosto (de 29 de julho a 25 de agosto) foram observadas em regiões de São Paulo e do Paraná. Em São José do Rio Preto (SP), por exemplo, o quilo do animal já recuou 20,1%, indo para a média de R$ 2,34/kg nessa quinta-feira, 25. A região paranaense que apresentou queda mais acentuada, de 20,9%, foi Pato Branco, com o animal comercializado na média de R$ 2,25/kg nessa quinta. ', 'data_hora': '', 'Unnamed: 0': 7184, 'qtde_palavras_soja': 1.0}"                                                                                                                                                                                                                                                                                                                                                                                                                                                                                                                                                                                                                                                                                                                                                                                                                                                                                                                                                                                                                                                                                                                                                                                                                     ,{}   ,2023-04-21 01:03:00.238087+00:00 ,2023-04-22 16:39:59.082806+00:00 ,     681 ,                1 ,                    0 ,                0 ,            0 ,                       0 ,                        ,      1 ,         1 ,[]              ,104 ,           1 ,"[{'id': '6a-j1VlCrt', 'type': 'choices', 'value': {'choices': ['Negativa']}, 'origin': 'manual', 'to_name': 'text', 'from_name': 'sentiment'}]"       ,False         ,False        ,2023-04-22T16:39:57.716982Z ,2023-04-22T16:39:57.717046Z ,   5.8629999999999995 ,{}         ,           0 ,f33947fe-ace2-46ca-a186-a35e31e80940 ,            , 681 ,      1 ,         1 ,                  ,                  ,
132 , 688 ,0a93ad42-noticias_cepea_soja.csv ,[]                                                                                                                                                                                                                                                                                                                                                                                                                                                                        ,[]          ,"{'ano': '', 'mes': '', 'url': 'https://www.cepea.esalq.usp.br/br/diarias-de-mercado/soja-cepea-cotacoes-sobem-e-liquidez-melhora-no-brasil.aspx', 'data': '', 'titulo': 'SOJA/CEPEA: Cotações sobem e liquidez melhora no Brasil', 'noticia': 'Cepea, 30/5/2011 - Os preços de soja estão em alta nos mercados brasileiro e internacional, sustentados por preocupações com o cultivo lento nos Estados Unidos e com a possível diminuição da produtividade. No Brasil, segundo pesquisadores do Cepea, produtores voltam a focar comercializações do grão para pronta-entrega, que têm sido estimuladas pela proximidade entre os valores de compradores e de vendedores. Vale lembrar que, na semana passada, agentes estavam apenas cumprindo contratos realizados no ano passado para entrega em abril e maio. Além disso, rumor de maior demanda por parte da China elevou os preços. Com a restrição da oferta norte-americana, a China pode intensificar as compras do Brasil. Na parcial de maio (até dia 27), o Indicador ESALQ/BM&FBovespa para o produto transferido no porto de Paranaguá subiu 1,1%, finalizando a US$ 30,35/sc de 60 kg. Em moeda nacional, o Indicador teve avanço de 2,88% no período, finalizando em R$ 48,59/sc nessa sexta. Quanto à média ponderada das regiões paranaenses, refletida no Indicador CEPEA/ESALQ, a elevação foi de 3,44% na parcial do mês, fechando a R$ 45,96/sc na sexta, 27 de maio. ', 'data_hora': '', 'Unnamed: 0': 7307, 'qtde_palavras_soja': 1.0}"                                                                                                                                                                                                                                                                                                                                                                                                                                                                                                                                                                                                                                                                                                                                                                                                                                                                                                                                                                                             ,{}   ,2023-04-21 01:03:00.238374+00:00 ,2023-04-26 04:47:06.575661+00:00 ,     688 ,                1 ,                    0 ,                0 ,            0 ,                       0 ,                        ,      1 ,         1 ,[]              ,147 ,           1 ,"[{'id': '261r2_b-pa', 'type': 'choices', 'value': {'choices': ['Positiva']}, 'origin': 'manual', 'to_name': 'text', 'from_name': 'sentiment'}]"       ,False         ,False        ,2023-04-26T04:47:05.248932Z ,2023-04-26T04:47:05.248968Z ,   7.483              ,{}         ,           0 ,1cddca3c-fc22-49d2-87da-4cb27db253ec ,            , 688 ,      1 ,         1 ,                  ,                  ,
133 , 698 ,0a93ad42-noticias_cepea_soja.csv ,[]                                                                                                                                                                                                                                                                                                                                                                                                                                                                        ,[]          ,"{'ano': '', 'mes': '', 'url': 'https://www.cepea.esalq.usp.br/br/diarias-de-mercado/milho-cepea-com-liquidez-lenta-atencao-se-volta-a-estimativas.aspx', 'data': '', 'titulo': 'MILHO/CEPEA: Com liquidez lenta, atenção se volta a estimativas', 'noticia': 'Cepea, 17/5/2011 - A comercialização do milho segue lenta no mercado brasileiro. Produtores consultados pelo Cepea têm dado prioridade para as negociações de soja, visto que os preços da oleaginosa estão mais firmes, por conta de problemas com transporte até o Porto de Paranaguá. Além disso, vendedores têm realizado contratos envolvendo o cereal da segunda safra. Diante do ritmo mais lento do mercado, a atenção de agentes consultados pelo Cepea esteve voltada às divulgações dos dados da safra no Brasil e das estimativas agregadas da temporada mundial 2011/12. No Brasil, a Conab elevou ligeiramente a produção da safra de verão 2010/11, enquanto o USDA surpreendeu o mercado, com dados indicando produção recorde nos Estados Unidos. Entre 9 e 16 de maio, o Indicador ESALQ/BM&FBovespa (Campinas-SP; valores a prazo são convertidos para à vista pela taxa de desconto CDI) subiu 0,82%, fechando a R$ 28,42/sc de 60 kg na segunda-feira, 16. Se considerada a taxa de desconto NPR, na região de Campinas, o preço médio à vista nessa segunda foi de R$ 27,92/sc de 60 kg, aumento de 1,01% no comparativo com a segunda-feira anterior, 9. ', 'data_hora': '', 'Unnamed: 0': 7370, 'qtde_palavras_soja': 1.0}"                                                                                                                                                                                                                                                                                                                                                                                                                                                                                                                                                                                                                                                                                                                                                                                                                                                                                                                                                                                            ,{}   ,2023-04-21 01:03:00.238755+00:00 ,2023-04-26 04:46:15.866105+00:00 ,     698 ,                1 ,                    0 ,                0 ,            0 ,                       0 ,                        ,      1 ,         1 ,[]              ,145 ,           1 ,"[{'id': 'WBEWhctzgb', 'type': 'choices', 'value': {'choices': ['Neutra']}, 'origin': 'manual', 'to_name': 'text', 'from_name': 'sentiment'}]"         ,False         ,False        ,2023-04-26T04:46:14.525833Z ,2023-04-26T04:46:14.525865Z ,   9.123              ,{}         ,           0 ,c2c4b7b1-7d4a-4746-96ac-a18448481168 ,            , 698 ,      1 ,         1 ,                  ,                  ,
134 , 809 ,0a93ad42-noticias_cepea_soja.csv ,"[{'id': 32, 'user': 'elizeumota@ufms.br', 'created_username': 'elizeumota@ufms.br, 3', 'created_ago': '8\xa0hours, 2\xa0minutes', 'result': [{'id': 'chybTSj7Zh', 'type': 'choices', 'value': {'choices': ['Positiva']}, 'origin': 'manual', 'to_name': 'text', 'from_name': 'sentiment'}], 'lead_time': 230.486, 'was_postponed': False, 'created_at': '2023-04-26T19:24:34.925133Z', 'updated_at': '2023-04-26T19:24:34.925145Z', 'task': 809, 'annotation': None}]"   ,[]          ,"{'ano': 2021.0, 'mes': 4.0, 'url': 'https://www.cepea.esalq.usp.br/br/diarias-de-mercado/ippa-cepea-graos-pecuaria-e-cana-cafe-elevam-ippa-cepea-em-marco.aspx', 'data': '22/04/2021', 'titulo': 'IPPA/CEPEA: Grãos, pecuária e cana-café elevam IPPA/Cepea em março', 'noticia': 'Cepea, 22/04/2021 – De fevereiro para março, o IPPA/Cepea (Índice de Preços ao Produtor de Grupos de Produtos Agropecuários) subiu 2,5%, em termos nominais. Segundo pesquisadores do Cepea, esse movimento esteve atrelado às variações positivas observadas para o IPPA-Grãos, de 3,8%, para o IPPA-Pecuária, de 1%, e para o IPPA-Cana-Café, de 3,8%. Já o IPPA-Hortifrutícolas caiu 6%. O desempenho do índice de grãos se deve ao avanço nos valores do milho, do algodão, do trigo e da soja – o arroz em casca foi o único a se desvalorizar no mês. No caso da pecuária, o resultado do índice foi impulsionado pela alta dos preços nominais do frango vivo, do boi gordo e dos ovos, contrapondo-se às quedas observadas para o suíno vivo e o leite. Os aumentos nos preços nominais da cana-de-açúcar e do café respondem pelo desempenho do índice composto por ambos os produtos. Já para os hortifrutícolas, o resultado negativo reflete as quedas observadas nos preços nominais do tomate, da banana e da laranja. Na mesma comparação, o IPA-OG-DI Produtos Industriais, calculado e divulgado pela FGV, registrou alta de 2,9% – logo, de fevereiro para março, os preços agropecuários caíram um pouco frente aos industriais da economia. Fonte: ', 'data_hora': '2021-04-22', 'Unnamed: 0': 10123, 'qtde_palavras_soja': 1.0}"                                                                                                                                                                                                                                                                                                                                                                                                                                                                                                                                                                                                                                                                                                                                                                                                                                                                     ,{}   ,2023-04-21 01:03:00.242963+00:00 ,2023-04-26 19:24:36.959986+00:00 ,     809 ,                1 ,                    0 ,                0 ,            0 ,                       0 ,                        ,      1 ,         3 ,[]              ,171 ,           3 ,"[{'id': 'chybTSj7Zh', 'type': 'choices', 'value': {'choices': ['Positiva']}, 'origin': 'manual', 'to_name': 'text', 'from_name': 'sentiment'}]"       ,False         ,False        ,2023-04-26T19:24:35.726381Z ,2023-04-26T19:24:35.726397Z , 231.081              ,{}         ,           0 ,a9215bcf-6c4c-4b52-bebe-53461d7161ed ,            , 809 ,      1 ,         3 ,                  ,                  ,
135 , 866 ,0a93ad42-noticias_cepea_soja.csv ,[]                                                                                                                                                                                                                                                                                                                                                                                                                                                                        ,[]          ,"{'ano': 2019.0, 'mes': 5.0, 'url': 'https://www.cepea.esalq.usp.br/br/diarias-de-mercado/ovos-cepea-preco-dos-insumos-favorece-avicultor-paulista-em-abril.aspx', 'data': '6/05/2019', 'titulo': 'OVOS/CEPEA: Preço dos insumos favorece avicultor paulista em abril', 'noticia': 'Cepea, 6/05/2019 – De março para abril, os ovos brancos tipo extra negociados em Bastos (SP) registraram ligeira valorização. Por outro lado, os principais insumos utilizados na alimentação das poedeiras, milho e farelo de soja, tiveram retração nos preços, o que elevou o poder de compra dos avicultores paulistas a patamares não observados desde outubro/17. Em abril, a caixa com 30 dúzias de ovos brancos tipo extra teve preço médio de R$ 84,98 em Bastos. Até o feriado religioso da Sexta-Feira Santa (19), os valores recebidos pelos produtores registravam tendência altista, passando a recuar a partir do dia 20 e fechando a R$ 77,33/cx no último dia útil de abril (30). De acordo com colaboradores consultados pelo Cepea, a expectativa é de que, com a proximidade do período de recebimento de salários e do Dia das Mães, as vendas de ovos se aqueçam, elevando as cotações. Fonte: Cepea – www.cepea.esalq.usp.br', 'data_hora': '2019-05-06', 'Unnamed: 0': 2345, 'qtde_palavras_soja': 1.0}"                                                                                                                                                                                                                                                                                                                                                                                                                                                                                                                                                                                                                                                                                                                                                                                                                                                                                                                                                                                                                                                                                                                                                                                          ,{}   ,2023-04-21 01:03:00.245049+00:00 ,2023-04-26 19:27:39.945555+00:00 ,     866 ,                1 ,                    0 ,                0 ,            0 ,                       0 ,                        ,      1 ,         3 ,[]              ,172 ,           3 ,"[{'id': 'dlTj4Z64vh', 'type': 'choices', 'value': {'choices': ['Negativa']}, 'origin': 'manual', 'to_name': 'text', 'from_name': 'sentiment'}]"       ,False         ,False        ,2023-04-26T19:27:38.708661Z ,2023-04-26T19:27:38.708676Z , 177.797              ,{}         ,           0 ,7e857ed7-e1b4-47fb-a7f2-bf01a6ca5979 ,            , 866 ,      1 ,         3 ,                  ,                  ,
136 , 867 ,0a93ad42-noticias_cepea_soja.csv ,"[{'id': 22, 'user': 'elizeumota@ufms.br', 'created_username': 'elizeumota@ufms.br, 3', 'created_ago': '8\xa0hours, 37\xa0minutes', 'result': [{'id': 'PsHn2OjzAN', 'type': 'choices', 'value': {'choices': ['Negativa']}, 'origin': 'manual', 'to_name': 'text', 'from_name': 'sentiment'}], 'lead_time': 684.628, 'was_postponed': False, 'created_at': '2023-04-26T18:49:33.310716Z', 'updated_at': '2023-04-26T18:49:33.310734Z', 'task': 867, 'annotation': None}]"  ,[]          ,"{'ano': 2019.0, 'mes': 2.0, 'url': 'https://www.cepea.esalq.usp.br/br/diarias-de-mercado/milho-cepea-preco-fecha-janeiro-em-alta.aspx', 'data': '4/02/2019', 'titulo': 'MILHO/CEPEA: Preço fecha janeiro em alta', 'noticia': 'Cepea, 4/02/2019 – Os preços de milho acumularam ligeiro aumento em janeiro. A elevação no ritmo das exportações das últimas semanas e o menor interesse de vendedores consultados pelo Cepea em comercializar o cereal sustentaram as cotações. Com o avanço da colheita da soja, agentes priorizam a comercialização da oleaginosa, mantendo em ritmo lento a negociação do cereal. Produtores consultados pelo Cepea limitaram suas ofertas para novos negócios, à espera de valorizações mais expressivas. Além disso, a irregularidade das chuvas tem deixado produtores cautelosos, o que fortalece o recuo vendedor. Do lado do comprador, agentes aguardam o avanço da colheita para maiores definições de produtividade. Assim, eles mantêm apenas as aquisições de pequenos lotes para fazer estoques no curto prazo. O Indicador ESALQ/BM&FBovespa (região de Campinas-SP) subiu 1% entre 28 de dezembro e 31 de janeiro, fechando a R$ 39,61/saca de 60 kg no dia 31. Especificamente de 25 de janeiro a 1º de fevereiro, o Indicador subiu 1,8%. Fonte: Cepea –\xa0', 'data_hora': '2019-02-04', 'Unnamed: 0': 2383, 'qtde_palavras_soja': 1.0}"                                                                                                                                                                                                                                                                                                                                                                                                                                                                                                                                                                                                                                                                                                                                                                                                                                                                                                                                                                                                                                                                                                                 ,{}   ,2023-04-21 01:03:00.245087+00:00 ,2023-04-26 18:49:34.917223+00:00 ,     867 ,                1 ,                    0 ,                0 ,            0 ,                       0 ,                        ,      1 ,         3 ,[]              ,159 ,           3 ,"[{'id': 'PsHn2OjzAN', 'type': 'choices', 'value': {'choices': ['Negativa']}, 'origin': 'manual', 'to_name': 'text', 'from_name': 'sentiment'}]"       ,False         ,False        ,2023-04-26T18:49:33.660659Z ,2023-04-26T18:49:33.660672Z , 685.125              ,{}         ,           0 ,e53c31de-4da8-4d7f-a9c8-a1f8fd445cf1 ,            , 867 ,      1 ,         3 ,                  ,                  ,
137 , 881 ,0a93ad42-noticias_cepea_soja.csv ,[]                                                                                                                                                                                                                                                                                                                                                                                                                                                                        ,[]          ,"{'ano': 2022.0, 'mes': 12.0, 'url': 'https://www.cepea.esalq.usp.br/br/diarias-de-mercado/frango-cepea-poder-de-compra-frente-ao-milho-e-ao-farelo-cai-pelo-3-mes-seguido.aspx', 'data': '2/12/2022', 'titulo': 'FRANGO/CEPEA: Poder de compra frente ao milho e ao farelo cai pelo 3º mês seguido', 'noticia': 'Cepea, 2/12/2022 – Os preços médios do frango vivo caíram de outubro para novembro. Segundo pesquisadores do Cepea, os valores foram pressionados pelo aumento da oferta de produtos avícolas no mercado interno. Por outro lado, as cotações dos principais insumos da atividade (milho e farelo de soja) avançaram no mesmo período. Diante desse cenário, cálculos do Cepea mostram que o poder de compra do avicultor do estado de São Paulo frente a esses insumos caiu de outubro para novembro. Pesquisadores ressaltam que este foi o terceiro mês seguido de piora na relação de troca. Fonte: Cepea (', 'data_hora': '2022-12-02', 'Unnamed: 0': 1964, 'qtde_palavras_soja': 1.0}"                                                                                                                                                                                                                                                                                                                                                                                                                                                                                                                                                                                                                                                                                                                                                                                                                                                                                                                                                                                                                                                                                                                                                                                                                                                                                                                                                                                                                                                                                                ,{}   ,2023-04-21 01:03:00.245608+00:00 ,2023-04-26 04:42:40.050807+00:00 ,     881 ,                1 ,                    0 ,                0 ,            0 ,                       0 ,                        ,      1 ,         1 ,[]              ,133 ,           1 ,"[{'id': '1bMi2yPzC4', 'type': 'choices', 'value': {'choices': ['Negativa']}, 'origin': 'manual', 'to_name': 'text', 'from_name': 'sentiment'}]"       ,False         ,False        ,2023-04-26T04:42:38.716259Z ,2023-04-26T04:42:38.716276Z ,   9.977              ,{}         ,           0 ,e0d3cfc2-1bb5-465f-9661-0d6f2b70fc27 ,            , 881 ,      1 ,         1 ,                  ,                  ,
138 , 886 ,0a93ad42-noticias_cepea_soja.csv ,[]                                                                                                                                                                                                                                                                                                                                                                                                                                                                        ,[]          ,"{'ano': 2018.0, 'mes': 7.0, 'url': 'https://www.cepea.esalq.usp.br/br/diarias-de-mercado/soja-cepea-com-baixa-liquidez-precos-caem-no-mercado-interno.aspx', 'data': '30/07/2018', 'titulo': 'SOJA/CEPEA: Com baixa liquidez, preços caem no mercado interno', 'noticia': 'Cepea, 30/07/2018 – Os preços de soja estão em queda no mercado brasileiro, de acordo com levantamento do Cepea, devido à desvalorização do dólar frente ao Real. Isso impacta diretamente na paridade de exportação, deixando menos atrativas as vendas da oleaginosa. Com vendedores consultados pelo Cepea capitalizados e compradores objetivando aproveitar o momento de valores mais baixos, houve também maior disparidade entre as cotações desses agentes, reduzindo a liquidez interna. Assim, no dia 27, o Indicador ESALQ/BM&FBovespa Paranaguá fechou a R$ 88,07/saca de 60 kg, 0,9% abaixo do registrado no dia 20. O Indicador CEPEA/ESALQ Paraná também recuou 0,9% entre 20 e 27 de julho, a R$ 81,87/sc de 60 kg no dia 27. ', 'data_hora': '2018-07-30', 'Unnamed: 0': 1552, 'qtde_palavras_soja': 1.0}"                                                                                                                                                                                                                                                                                                                                                                                                                                                                                                                                                                                                                                                                                                                                                                                                                                                                                                                                                                                                                                                                                                                                                                                                                                                                                                                                                                                                       ,{}   ,2023-04-21 01:03:00.245797+00:00 ,2023-04-26 04:34:20.927205+00:00 ,     886 ,                1 ,                    0 ,                0 ,            0 ,                       0 ,                        ,      1 ,         1 ,[]              ,128 ,           1 ,"[{'id': 'ksRGb9gGig', 'type': 'choices', 'value': {'choices': ['Negativa']}, 'origin': 'manual', 'to_name': 'text', 'from_name': 'sentiment'}]"       ,False         ,False        ,2023-04-26T04:34:19.579806Z ,2023-04-26T04:34:19.579828Z ,   8.06               ,{}         ,           0 ,b91d6110-b000-46f6-afea-790d74223b1e ,            , 886 ,      1 ,         1 ,                  ,                  ,
139 , 901 ,0a93ad42-noticias_cepea_soja.csv ,[]                                                                                                                                                                                                                                                                                                                                                                                                                                                                        ,[]          ,"{'ano': 2020.0, 'mes': 12.0, 'url': 'https://www.cepea.esalq.usp.br/br/diarias-de-mercado/ippa-cepea-indice-sobe-4-9-em-novembro.aspx', 'data': '17/12/2020', 'titulo': 'IPPA/CEPEA: Índice sobe 4,9% em novembro', 'noticia': 'Cepea, 17/12/2020 – Em novembro, o IPPA/CEPEA (Índice de Preços ao Produtor de Grupos de Produtos Agropecuários) avançou 4,9%, em termos nominais, frente a outubro. O resultado do índice geral reflete as variações positivas observadas em todos os grupos de produtos, com destaque para o IPPA-Grãos, que registrou alta de 5,5%; seguido pelo IPPA-Pecuária, de 5,1%; pelo IPPA-Cana e Café, de 2,9%; e, de forma mais sutil, do IPPA-Hortifrutícolas, com elevação de 0,7%. Com exceção do preço do arroz, todos os itens que compõem o índice de grãos subiram, em especial, milho e soja. Na pecuária, o desempenho do índice foi influenciado, principalmente, pelas valorizações do boi e dos suínos e, mais sutilmente, dos frangos e dos ovos. Já as altas nos preços da cana-de-açúcar e do café impulsionaram o desempenho do índice composto por esses produtos. Por fim, para os hortifrutícolas, a elevação foi impulsionada pelo avanço dos preços da batata e, com menor intensidade, da uva e da laranja. Na mesma comparação, o IPA-OG-DI Produtos Industriais, calculado e divulgado pela FGV, subiu 2% – logo, de outubro para novembro, os preços agropecuários se valorizaram frente aos preços industriais da economia. Fonte: Cepea – ', 'data_hora': '2020-12-17', 'Unnamed: 0': 1764, 'qtde_palavras_soja': 1.0}"                                                                                                                                                                                                                                                                                                                                                                                                                                                                                                                                                                                                                                                                                                                                                                                                                                                                                                                              ,{}   ,2023-04-21 01:03:00.246399+00:00 ,2023-04-22 16:39:35.721376+00:00 ,     901 ,                1 ,                    0 ,                0 ,            0 ,                       0 ,                        ,      1 ,         1 ,[]              ,102 ,           1 ,"[{'id': 'OEaTwBChCy', 'type': 'choices', 'value': {'choices': ['Positiva']}, 'origin': 'manual', 'to_name': 'text', 'from_name': 'sentiment'}]"       ,False         ,False        ,2023-04-22T16:39:34.342444Z ,2023-04-22T16:39:34.342564Z ,   5.428              ,{}         ,           0 ,8ac47d3f-fdba-410b-a0be-475f7ac0a7ab ,            , 901 ,      1 ,         1 ,                  ,                  ,
140 , 910 ,0a93ad42-noticias_cepea_soja.csv ,[]                                                                                                                                                                                                                                                                                                                                                                                                                                                                        ,[]          ,"{'ano': '', 'mes': '', 'url': 'https://www.cepea.esalq.usp.br/br/diarias-de-mercado/boi-cepea-com-insumos-em-alta-produtor-esta-cauteloso-quanto-a-confinamento.aspx', 'data': '', 'titulo': 'BOI/CEPEA: Com insumos em alta, produtor está cauteloso quanto a confinamento', 'noticia': 'Cepea, 26/4/2018 – Neste momento que antecede o período de seca, pecuaristas de corte têm se planejado quanto ao volume de animais que vão confinar nas próximas semanas. Por isso, conforme colaboradores do Cepea, as atenções de produtores estão voltadas aos atuais preços do boi magro e, principalmente, do milho e do farelo de soja, importantes insumos da ração, que estão em alta. Outro termômetro utilizado pelo mercado e que vem influenciando certa cautela de alguns produtores são os preços do boi gordo no mercado futuro. Na B3 (antiga BM&FBovespa), os próximos vencimentos apontam quedas nos valores da arroba. ', 'data_hora': '', 'Unnamed: 0': 3094, 'qtde_palavras_soja': 1.0}"                                                                                                                                                                                                                                                                                                                                                                                                                                                                                                                                                                                                                                                                                                                                                                                                                                                                                                                                                                                                                                                                                                                                                                                                                                                                                                                                                                                                                                                                                                      ,{}   ,2023-04-21 01:03:00.246749+00:00 ,2023-04-22 16:42:02.814683+00:00 ,     910 ,                1 ,                    0 ,                0 ,            0 ,                       0 ,                        ,      1 ,         1 ,[]              ,108 ,           1 ,"[{'id': '77lLV97i8e', 'type': 'choices', 'value': {'choices': ['Negativa']}, 'origin': 'manual', 'to_name': 'text', 'from_name': 'sentiment'}]"       ,False         ,False        ,2023-04-22T16:42:01.471459Z ,2023-04-22T16:42:01.471477Z ,  10.387              ,{}         ,           0 ,53ce3ca1-8ddd-4410-8413-1d2c2eff0c71 ,            , 910 ,      1 ,         1 ,                  ,                  ,
141 , 913 ,0a93ad42-noticias_cepea_soja.csv ,[]                                                                                                                                                                                                                                                                                                                                                                                                                                                                        ,[]          ,"{'ano': 2018.0, 'mes': 10.0, 'url': 'https://www.cepea.esalq.usp.br/br/diarias-de-mercado/suinos-cepea-poder-de-compra-aumenta-em-outubro.aspx', 'data': '25/10/2018', 'titulo': 'SUÍNOS/CEPEA: Poder de compra aumenta em outubro', 'noticia': 'Cepea, 25/10/2018 – Com a elevação dos preços do suíno vivo e os recuos das cotações de milho e farelo de soja neste mês, o poder de compra de suinocultores de São Paulo e do oeste catarinense está mais favorável. Segundo pesquisadores do Cepea, no mercado suinícola, a oferta reduzida de animais para abate e o bom resultado das exportações no correr do segundo semestre têm elevado o preço do animal. Quanto ao milho, de acordo com a Equipe de Grãos/Cepea, os motivos das quedas são a maior disponibilidade no mercado doméstico e a retração de compradores. Finalmente, para o farelo, ainda de acordo com a Equipe de Grãos/Cepea, a demanda enfraquecida vem pressionando as negociações. Fonte: Cepea – ', 'data_hora': '2018-10-25', 'Unnamed: 0': 3127, 'qtde_palavras_soja': 1.0}"                                                                                                                                                                                                                                                                                                                                                                                                                                                                                                                                                                                                                                                                                                                                                                                                                                                                                                                                                                                                                                                                                                                                                                                                                                                                                                                                                                                                                                                 ,{}   ,2023-04-21 01:03:00.246905+00:00 ,2023-04-26 04:33:22.860261+00:00 ,     913 ,                1 ,                    0 ,                0 ,            0 ,                       0 ,                        ,      1 ,         1 ,[]              ,124 ,           1 ,"[{'id': 'O3Lb-tPoEa', 'type': 'choices', 'value': {'choices': ['Positiva']}, 'origin': 'manual', 'to_name': 'text', 'from_name': 'sentiment'}]"       ,False         ,False        ,2023-04-26T04:33:21.533608Z ,2023-04-26T04:33:21.533626Z ,   8.662              ,{}         ,           0 ,9eb9f3ef-c21f-4db3-a801-6973668903d4 ,            , 913 ,      1 ,         1 ,                  ,                  ,
142 , 917 ,0a93ad42-noticias_cepea_soja.csv ,[]                                                                                                                                                                                                                                                                                                                                                                                                                                                                        ,[]          ,"{'ano': '', 'mes': '', 'url': 'https://www.cepea.esalq.usp.br/br/diarias-de-mercado/trigo-cepea-alta-do-grao-e-repassada-as-farinhas.aspx', 'data': '', 'titulo': 'TRIGO/CEPEA: Alta do grão é repassada às farinhas', 'noticia': 'Cepea, 27/3/2018 – As elevações do trigo em grão têm sido repassadas às farinhas, ainda que aos poucos. Das sete diferentes farinhas acompanhadas pelo Cepea, apenas duas (para pré-mistura e para massas frescas) se desvalorizaram na semana passada. Quanto ao farelo, a demanda está um pouco mais aquecida, devido aos fortes avanços nas cotações do milho. Em relação ao trigo em grão, as cotações também estão em alta, impulsionadas pelo período de entressafra. Além disso, o maior custo com a importação e os atrasos nos embarques do cereal argentino têm direcionado compradores ao mercado doméstico. O volume disponível no mercado nacional ainda é baixo, o que mantém produtores firmes nos preços pedidos – muitos estão fazendo caixa com a venda de soja e de milho. ', 'data_hora': '', 'Unnamed: 0': 3181, 'qtde_palavras_soja': 1.0}"                                                                                                                                                                                                                                                                                                                                                                                                                                                                                                                                                                                                                                                                                                                                                                                                                                                                                                                                                                                                                                                                                                                                                                                                                                                                                                                                                                                                         ,{}   ,2023-04-21 01:03:00.247057+00:00 ,2023-04-26 04:47:51.037679+00:00 ,     917 ,                1 ,                    0 ,                0 ,            0 ,                       0 ,                        ,      1 ,         1 ,[]              ,150 ,           1 ,"[{'id': 'wtYQC0AL86', 'type': 'choices', 'value': {'choices': ['Neutra']}, 'origin': 'manual', 'to_name': 'text', 'from_name': 'sentiment'}]"         ,False         ,False        ,2023-04-26T04:47:49.704303Z ,2023-04-26T04:47:49.704325Z ,   8.712              ,{}         ,           0 ,01763108-f98e-4c3c-9a2f-2019df652273 ,            , 917 ,      1 ,         1 ,                  ,                  ,
143 , 921 ,0a93ad42-noticias_cepea_soja.csv ,[]                                                                                                                                                                                                                                                                                                                                                                                                                                                                        ,[]          ,"{'ano': 2019.0, 'mes': 3.0, 'url': 'https://www.cepea.esalq.usp.br/br/diarias-de-mercado/soja-cepea-caso-persista-clima-chuvoso-pode-reduzir-qualidade.aspx', 'data': '06/03/2019', 'titulo': 'SOJA/CEPEA: Caso persista, clima chuvoso pode reduzir qualidade', 'noticia': 'Cepea, 06/03/2019 – As recentes chuvas têm atrapalhado os trabalhos de campo e gerado preocupações quanto à qualidade da soja, de acordo com informações do Cepea. Caso esse cenário de volume elevado de precipitações e luminosidade reduzida persista, os grãos que ainda estão nas lavouras podem ser prejudicados, especialmente em regiões do Sudeste, Centro-Oeste e do Matopiba. Quanto aos negócios, diante da maior incerteza quanto à produtividade da atual temporada, sojicultores brasileiros voltaram a reduzir as vendas. O menor interesse de negociação também se deve à queda nos valores futuros na CME Group (Bolsa de Chicago), à redução nos prêmios de exportação no Brasil, à desvalorização cambial e à demanda relativamente estável. Fonte: Cepea –\xa0', 'data_hora': '2019-03-06', 'Unnamed: 0': 3058, 'qtde_palavras_soja': 1.0}"                                                                                                                                                                                                                                                                                                                                                                                                                                                                                                                                                                                                                                                                                                                                                                                                                                                                                                                                                                                                                                                                                                                                                                                                                                                                                                                                                                ,{}   ,2023-04-21 01:03:00.247208+00:00 ,2023-04-26 04:43:27.784460+00:00 ,     921 ,                1 ,                    0 ,                0 ,            0 ,                       0 ,                        ,      1 ,         1 ,[]              ,136 ,           1 ,"[{'id': 'rASALqlqS3', 'type': 'choices', 'value': {'choices': ['Negativa']}, 'origin': 'manual', 'to_name': 'text', 'from_name': 'sentiment'}]"       ,False         ,False        ,2023-04-26T04:43:26.452203Z ,2023-04-26T04:43:26.452218Z ,  12.522              ,{}         ,           0 ,0f0f27f4-2a4c-4588-b6c3-d127fe776aa0 ,            , 921 ,      1 ,         1 ,                  ,                  ,
144 , 929 ,0a93ad42-noticias_cepea_soja.csv ,[]                                                                                                                                                                                                                                                                                                                                                                                                                                                                        ,[]          ,"{'ano': '', 'mes': '', 'url': 'https://www.cepea.esalq.usp.br/br/diarias-de-mercado/milho-cepea-apesar-da-reducao-de-area-alto-estoque-pode-manter-pressao-sobre-cotacoes.aspx', 'data': '', 'titulo': 'MILHO/CEPEA: Apesar da redução de área, alto estoque pode manter pressão sobre cotações', 'noticia': 'Cepea 8/1/2017 – Após safra brasileira 2016/17 recorde e consequente queda nos preços internos, a área de milho da temporada 2017/18 deve ser a menor desde 1976/77. De acordo com colaboradores do Cepea, além da menor rentabilidade com a cultura na última safra, a redução de área também está atrelada ao atraso na colheita da soja em algumas regiões brasileiras. Apesar disso, o alto estoque de passagem deve manter elevada a disponibilidade interna do cereal. Em termos mundiais, a menor produtividade deve reduzir a oferta de milho, enquanto as transações internacionais devem crescer, o que pode favorecer as exportações brasileiras. ', 'data_hora': '', 'Unnamed: 0': 3327, 'qtde_palavras_soja': 1.0}"                                                                                                                                                                                                                                                                                                                                                                                                                                                                                                                                                                                                                                                                                                                                                                                                                                                                                                                                                                                                                                                                                                                                                                                                                                                                                                                                                                                                                                                               ,{}   ,2023-04-21 01:03:00.247503+00:00 ,2023-04-26 19:02:55.445178+00:00 ,     929 ,                1 ,                    0 ,                0 ,            0 ,                       0 ,                        ,      1 ,         3 ,[]              ,164 ,           3 ,"[{'id': 'BD5U6n9CG7', 'type': 'choices', 'value': {'choices': ['Negativa']}, 'origin': 'manual', 'to_name': 'text', 'from_name': 'sentiment'}]"       ,False         ,False        ,2023-04-26T19:02:54.186250Z ,2023-04-26T19:02:54.186263Z , 132.042              ,{}         ,           0 ,a390da4a-940e-46c3-873e-f98195fe1b60 ,            , 929 ,      1 ,         3 ,                  ,                  ,
145 , 940 ,0a93ad42-noticias_cepea_soja.csv ,[]                                                                                                                                                                                                                                                                                                                                                                                                                                                                        ,[]          ,"{'ano': 2019.0, 'mes': 4.0, 'url': 'https://www.cepea.esalq.usp.br/br/diarias-de-mercado/milho-cepea-indicador-chega-a-menor-patamar-em-5-meses.aspx', 'data': '22/04/2019', 'titulo': 'MILHO/CEPEA: Indicador chega a menor patamar em 5 meses', 'noticia': 'Cepea, 22/04/2019 – A oferta superior à demanda tem mantido os preços do milho em queda na maior parte das regiões acompanhadas pelo Cepea. Em Campinas (SP), os valores voltaram a operar próximos dos patamares observados em novembro do ano passado. Entre 12 e 18 de abril, o Indicador ESALQ/BM&FBovespa Campinas (SP) caiu 2,32%, a R$ 35,84/sc de 60 kg na quinta-feira, 18, o menor patamar nominal desde meados de novembro/18. No geral, o ritmo de negócios está limitado, tendo em vista a disparidade entre as ofertas de compradores e os pedidos de vendedores. Além disso, alguns produtores têm dado preferência em comercializar a soja – vale lembrar que a cotação da oleaginosa está firme, favorecida pelas altas do dólar e dos preços externos. No campo, o clima segue favorável ao desenvolvimento das lavouras de milho, o que pode resultar em antecipação da colheita. Fonte: Cepea – ', 'data_hora': '2019-04-22', 'Unnamed: 0': 2766, 'qtde_palavras_soja': 1.0}"                                                                                                                                                                                                                                                                                                                                                                                                                                                                                                                                                                                                                                                                                                                                                                                                                                                                                                                                                                                                                                                                                                                                                                                                                                              ,{}   ,2023-04-21 01:03:00.247968+00:00 ,2023-04-26 04:42:56.802101+00:00 ,     940 ,                1 ,                    0 ,                0 ,            0 ,                       0 ,                        ,      1 ,         1 ,[]              ,134 ,           1 ,"[{'id': 'kbryQop5D3', 'type': 'choices', 'value': {'choices': ['Negativa']}, 'origin': 'manual', 'to_name': 'text', 'from_name': 'sentiment'}]"       ,False         ,False        ,2023-04-26T04:42:55.461006Z ,2023-04-26T04:42:55.461035Z ,  11.725              ,{}         ,           0 ,7d6c18e1-fc4c-495d-84ba-91e369bd270e ,            , 940 ,      1 ,         1 ,                  ,                  ,
146 , 941 ,0a93ad42-noticias_cepea_soja.csv ,[]                                                                                                                                                                                                                                                                                                                                                                                                                                                                        ,[]          ,"{'ano': '', 'mes': '', 'url': 'https://www.cepea.esalq.usp.br/br/diarias-de-mercado/arroz-cepea-com-industria-ativa-e-vendedor-recuado-indicador-sobe-em-marco.aspx', 'data': '', 'titulo': 'ARROZ/CEPEA: Com indústria ativa e vendedor recuado, Indicador sobe em março', 'noticia': 'Cepea, 3/4/2019 – Compradores estiveram mais ativos do que vendedores no mercado de arroz em casca do Rio Grande do Sul em março, principalmente na segunda quinzena. Segundo colaboradores do Cepea, indústrias com necessidade de repor estoques ofertaram valores superiores para novos lotes, mesmo de arroz novo (safra 2018/19). Do lado produtor, orizicultores permaneceram recuados, atentos às condições climáticas no estado e às atividades de colheita. Assim, as vendas efetivadas foram devido à necessidade de “fazer caixa”. Outros, por sua vez, optaram por negociar gado e soja. Nesse cenário, o Indicador do arroz em casca ESALQ/SENAR-RS, 58% grãos inteiros, acumulou alta de 0,74% no mês passado, fechando a R$ 39,59/sc de 50 kg no dia 29. Fonte: Cepea – www.cepea.esalq.usp.br', 'data_hora': '', 'Unnamed: 0': 2794, 'qtde_palavras_soja': 1.0}"                                                                                                                                                                                                                                                                                                                                                                                                                                                                                                                                                                                                                                                                                                                                                                                                                                                                                                                                                                                                                                                                                                                                                                                                                                                                                                                                     ,{}   ,2023-04-21 01:03:00.248004+00:00 ,2023-04-26 04:46:31.983490+00:00 ,     941 ,                1 ,                    0 ,                0 ,            0 ,                       0 ,                        ,      1 ,         1 ,[]              ,146 ,           1 ,"[{'id': 'fTnYCuIMCz', 'type': 'choices', 'value': {'choices': ['Neutra']}, 'origin': 'manual', 'to_name': 'text', 'from_name': 'sentiment'}]"         ,False         ,False        ,2023-04-26T04:46:30.631937Z ,2023-04-26T04:46:30.631951Z ,  11.118              ,{}         ,           0 ,c4b484c5-1ddd-4ca2-b25d-6a08d195a528 ,            , 941 ,      1 ,         1 ,                  ,                  ,
147 , 942 ,0a93ad42-noticias_cepea_soja.csv ,[]                                                                                                                                                                                                                                                                                                                                                                                                                                                                        ,[]          ,"{'ano': 2019.0, 'mes': 4.0, 'url': 'https://www.cepea.esalq.usp.br/br/diarias-de-mercado/soja-cepea-dolar-sobe-incentiva-novas-vendas-e-eleva-precos.aspx', 'data': '01/04/2019', 'titulo': 'SOJA/CEPEA: Dólar sobe, incentiva novas vendas e eleva preços', 'noticia': 'Cepea, 01/04/2019 – Os preços da soja subiram no mercado brasileiro em março, especialmente na\xa0última semana do mês, quando o dólar chegou a operar acima dos R$ 4,00. De acordo com pesquisas do Cepea, esse cenário incentivou novas vendas, que, vale lembrar, vinham acontecendo em ritmo lento desde o início do ano. O movimento altista se deve também às fortes demandas externa e de indústrias brasileiras. Levantamento do Cepea indica que a alta nos preços domésticos, no entanto, foi limitada pela significativa desvalorização nos valores internacionais. Em março, o Indicador Paranaguá avançou 0,4%, finalizando a R$ 77,71/saca de 60 kg na sexta-feira, 29, e o Indicador CEPEA/ESALQ Paraná subiu leve 0,06%, a R$ 72,51/sc. Fonte: Cepea – www.cepea.esalq.usp.br', 'data_hora': '2019-04-01', 'Unnamed: 0': 2801, 'qtde_palavras_soja': 1.0}"                                                                                                                                                                                                                                                                                                                                                                                                                                                                                                                                                                                                                                                                                                                                                                                                                                                                                                                                                                                                                                                                                                                                                                                                                                                                                                                                                          ,{}   ,2023-04-21 01:03:00.248040+00:00 ,2023-04-22 16:40:09.194554+00:00 ,     942 ,                1 ,                    0 ,                0 ,            0 ,                       0 ,                        ,      1 ,         1 ,[]              ,105 ,           1 ,"[{'id': 'Rv1vW3I1uz', 'type': 'choices', 'value': {'choices': ['Positiva']}, 'origin': 'manual', 'to_name': 'text', 'from_name': 'sentiment'}]"       ,False         ,False        ,2023-04-22T16:40:07.757835Z ,2023-04-22T16:40:07.758036Z ,   5.5                ,{}         ,           0 ,b7ff7e55-f11d-452b-a1f4-86dc69a085f2 ,            , 942 ,      1 ,         1 ,                  ,                  ,
148 , 943 ,0a93ad42-noticias_cepea_soja.csv ,[]                                                                                                                                                                                                                                                                                                                                                                                                                                                                        ,[]          ,"{'ano': 2019.0, 'mes': 4.0, 'url': 'https://www.cepea.esalq.usp.br/br/diarias-de-mercado/milho-cepea-movimento-de-queda-perde-forca.aspx', 'data': '01/04/2019', 'titulo': 'MILHO/CEPEA: Movimento de queda perde força', 'noticia': 'Cepea, 01/04/2019 – O movimento de forte baixa nos preços internos, que vinha sendo observado nas duas últimas semanas, se enfraqueceu, influenciado pela posição retraída de vendedores consultados pelo Cepea – em algumas regiões, os preços chegaram a subir. Esses agentes, atentos aos estoques reduzidos da indústria e à valorização da soja, passaram a priorizar a comercialização da oleaginosa, limitando a oferta de milho e pedindo preços maiores. Compradores consultados pelo Cepea, por sua vez, passaram a se concentrar apenas em negociações de pequenos lotes, devido à necessidade de repor estoques. Com o clima favorável ao desenvolvimento das lavouras e com a expectativa de oferta elevada na segunda safra, demandantes adquirem lotes maiores para entrega no segundo semestre, à espera de preços menores. Inclusive, as negociações para exportação no segundo semestre tiveram maior ritmo ao longo da semana. Assim, de 22 a 29 de março, o Indicador ESALQ/BM&FBovespa (referência região de Campinas – SP) subiu 0,05%, indo a R$ 38,43/saca de 60 kg na sexta, 29. No mês, a alta/baixa é de XX%. Fonte: Cepea – www.cepea.esalq.usp.br', 'data_hora': '2019-04-01', 'Unnamed: 0': 2802, 'qtde_palavras_soja': 1.0}"                                                                                                                                                                                                                                                                                                                                                                                                                                                                                                                                                                                                                                                                                                                                                                                                                                                                                                                                                                                                            ,{}   ,2023-04-21 01:03:00.248077+00:00 ,2023-04-22 16:37:24.312935+00:00 ,     943 ,                1 ,                    0 ,                0 ,            0 ,                       0 ,                        ,      1 ,         1 ,[]              , 90 ,           1 ,"[{'id': 'W0um68O2Yz', 'type': 'choices', 'value': {'choices': ['Neutra']}, 'origin': 'manual', 'to_name': 'text', 'from_name': 'sentiment'}]"         ,False         ,False        ,2023-04-22T16:37:22.949173Z ,2023-04-22T16:37:22.949190Z ,  10.395              ,{}         ,           0 ,df4b2a97-6847-4f79-ac19-81c368c7a641 ,            , 943 ,      1 ,         1 ,                  ,                  ,
149 , 946 ,0a93ad42-noticias_cepea_soja.csv ,"[{'id': 19, 'user': 'elizeumota@ufms.br', 'created_username': 'elizeumota@ufms.br, 3', 'created_ago': '9\xa0hours, 15\xa0minutes', 'result': [{'id': '1NEcEK8DCJ', 'type': 'choices', 'value': {'choices': ['Negativa']}, 'origin': 'manual', 'to_name': 'text', 'from_name': 'sentiment'}], 'lead_time': 1315.529, 'was_postponed': False, 'created_at': '2023-04-26T18:11:19.444987Z', 'updated_at': '2023-04-26T18:11:19.445000Z', 'task': 946, 'annotation': None}]" ,[]          ,"{'ano': 2022.0, 'mes': 11.0, 'url': 'https://www.cepea.esalq.usp.br/br/diarias-de-mercado/ippa-cepea-indice-recua-em-outubro.aspx', 'data': '22/11/2022', 'titulo': 'IPPA/CEPEA: Índice recua em outubro', 'noticia': 'Cepea, 22/11/2022 – Em outubro, o IPPA/CEPEA (Índice de Preços ao Produtor de Grupos de Produtos Agropecuários) caiu 1,5% em relação a setembro, em termos nominais, influenciado pelas quedas observadas para o IPPA/Cana-Café, o IPPA/Pecuária e o IPPA/Grãos, cujas variações negativas foram de, respectivamente, 4,9%, 2,4% e 1,3%. Já o IPPA/Hortifrúti avançou 13,1%. O resultado do IPPA/Pecuária se deveu à queda dos preços nominais do leite, do frango vivo, do boi gordo e dos ovos. No caso do leite, a baixa esteve atrelada ao enfraquecimento da demanda e pelo aumento da oferta, seja em função do incremento da produção ou do aumento das importações. No caso das carnes avícolas e bovinas, a pressão sobre os valores veio sobretudo do crescimento da oferta de animais. No grupo IPPA/Grãos, houve recuos dos preços do algodão em pluma e da soja, como reflexo do observado no mercado externo. Quanto ao resultado do IPPA/Cana-Café, se deveu à queda dos preços de ambos os produtos. Especificamente no caso do café, o clima favorável vem gerando expectava de boa produção e, consequentemente, quedas nos preços. Por fim, em sentido oposto, tem-se o resultado altista observado para o IPPA/Hortifruti, devido ao comportamento dos valores do tomate, da banana, da batata, da uva e da laranja. Na mesma comparação, o IPA-OG-DI Produtos Industriais, calculado e divulgado pela FGV, registrou queda de 0,7% – logo, de setembro para outubro, os preços agropecuários caíram frente aos industriais da economia. Fonte: Cepea (', 'data_hora': '2022-11-22', 'Unnamed: 0': 2882, 'qtde_palavras_soja': 1.0}"                                                                                                                                                                                                                                                                                                                                                                                                                                                                                                                                                                                                                              ,{}   ,2023-04-21 01:03:00.248186+00:00 ,2023-04-26 18:11:21.559012+00:00 ,     946 ,                1 ,                    0 ,                0 ,            0 ,                       0 ,                        ,      1 ,         3 ,[]              ,156 ,           3 ,"[{'id': '1NEcEK8DCJ', 'type': 'choices', 'value': {'choices': ['Negativa']}, 'origin': 'manual', 'to_name': 'text', 'from_name': 'sentiment'}]"       ,False         ,False        ,2023-04-26T18:11:20.287235Z ,2023-04-26T18:11:20.287250Z ,1316.422              ,{}         ,           0 ,24f5cbb0-18f8-42d3-9efd-5b0488aab604 ,            , 946 ,      1 ,         3 ,                  ,                  ,
150 , 961 ,0a93ad42-noticias_cepea_soja.csv ,[]                                                                                                                                                                                                                                                                                                                                                                                                                                                                        ,[]          ,"{'ano': 2020.0, 'mes': 9.0, 'url': 'https://www.cepea.esalq.usp.br/br/diarias-de-mercado/milho-cepea-precos-recuam-na-maior-parte-das-regioes-acompanhadas-pelo-cepea.aspx', 'data': '14/09/2020', 'titulo': 'MILHO/CEPEA: Preços recuam na maior parte das regiões acompanhadas pelo Cepea', 'noticia': 'Cepea, 14/09/2020 – O menor interesse de compradores, que indicam ter estoques para o curto prazo, tem pressionado os valores do milho na maior parte das regiões acompanhadas pelo Cepea. Na praça de Campinas (SP), base do Indicador ESALQ/BM&FBovespa, a saca de 60 kg do milho registrou queda de 0,12% entre 4 e 11 de setembro, fechando a R$ 58,99 nessa sexta-feira, 11 – no acumulado de setembro (até o dia 11), a baixa é de 3,69%. Porém, especificamente no final da semana passada, os valores subiram, devido à retração dos produtores, que estiveram resistentes nas negociações envolvendo grandes lotes. No campo, produtores brasileiros voltam a ficar atentos ao clima, tendo em vista que o tempo seco pode dificultar o semeio da soja em outubro e, consequentemente, atrasar o plantio do milho de segunda safra de 2020/21. No Sul, a falta de chuvas já preocupa agentes quanto ao desenvolvimento da temporada de verão. Fonte: Cepea – ', 'data_hora': '2020-09-14', 'Unnamed: 0': 419, 'qtde_palavras_soja': 1.0}"                                                                                                                                                                                                                                                                                                                                                                                                                                                                                                                                                                                                                                                                                                                                                                                                                                                                                                                                                                                                                                                                                                                                                 ,{}   ,2023-04-21 01:03:00.248724+00:00 ,2023-04-22 16:40:20.350719+00:00 ,     961 ,                1 ,                    0 ,                0 ,            0 ,                       0 ,                        ,      1 ,         1 ,[]              ,106 ,           1 ,"[{'id': '1muufGAMr_', 'type': 'choices', 'value': {'choices': ['Negativa']}, 'origin': 'manual', 'to_name': 'text', 'from_name': 'sentiment'}]"       ,False         ,False        ,2023-04-22T16:40:18.987657Z ,2023-04-22T16:40:18.987677Z ,   6.554              ,{}         ,           0 ,4cd2c6bf-8530-462c-9300-4f7c64891fd4 ,            , 961 ,      1 ,         1 ,                  ,                  ,
151 , 986 ,0a93ad42-noticias_cepea_soja.csv ,[]                                                                                                                                                                                                                                                                                                                                                                                                                                                                        ,[]          ,"{'ano': '', 'mes': '', 'url': 'https://www.cepea.esalq.usp.br/br/diarias-de-mercado/soja-cepea-mercado-incerto-e-disparidade-entre-precos-reduzem-negocios.aspx', 'data': '', 'titulo': 'SOJA/CEPEA: Mercado incerto e disparidade entre preços reduzem negócios', 'noticia': 'Cepea, 23/7/2018 – A liquidez no mercado de soja e derivados segue baixa, tanto para contratos no spot quanto a termo, principalmente para 2019. Incertezas quanto à implementação do tabelamento de fretes e à tensão comercial entre Estados Unidos e China têm ampliado a diferença entre os valores pedidos por vendedores e os ofertados por compradores, dificultando o fechamento de novos negócios. As oscilações dos prêmios de exportação e do câmbio, assim como a expectativa de continuidade das valorizações observadas nas últimas semanas, também reduziram as negociações de contratos a termo. No spot, segundo colaboradores do Cepea, a logística está tomada com o recebimento de lotes fixados antecipadamente, também impedindo a comercialização de grandes volumes. A maioria das efetivações ocorre para completar cargas, visto que há navios previstos para sair dos portos nos próximos dias. ', 'data_hora': '', 'Unnamed: 0': 1402, 'qtde_palavras_soja': 1.0}"                                                                                                                                                                                                                                                                                                                                                                                                                                                                                                                                                                                                                                                                                                                                                                                                                                                                                                                                                                                                                                                                                                                                                                                                                                ,{}   ,2023-04-21 01:03:00.249629+00:00 ,2023-04-26 04:47:23.289928+00:00 ,     986 ,                1 ,                    0 ,                0 ,            0 ,                       0 ,                        ,      1 ,         1 ,[]              ,148 ,           1 ,"[{'id': 'JHcB5RLVwN', 'type': 'choices', 'value': {'choices': ['Negativa']}, 'origin': 'manual', 'to_name': 'text', 'from_name': 'sentiment'}]"       ,False         ,False        ,2023-04-26T04:47:21.954637Z ,2023-04-26T04:47:21.954650Z ,  11.747              ,{}         ,           0 ,8e64b183-94a8-4dc6-9738-9be2d51b6950 ,            , 986 ,      1 ,         1 ,                  ,                  ,
152 , 987 ,0a93ad42-noticias_cepea_soja.csv ,[]                                                                                                                                                                                                                                                                                                                                                                                                                                                                        ,[]          ,"{'ano': 2021.0, 'mes': 3.0, 'url': 'https://www.cepea.esalq.usp.br/br/diarias-de-mercado/soja-cepea-produtor-se-retrai-e-valores-voltam-a-subir.aspx', 'data': '29/03/2021', 'titulo': 'SOJA/CEPEA: Produtor se retrai e valores voltam a subir', 'noticia': 'Cepea, 29/03/2021 – Os preços da soja subiram no mercado brasileiro na semana passada. Esse movimento esteve atrelado às valorizações externa e cambial e à retração de sojicultores. Segundo pesquisadores do Cepea, mais da metade da safra 2020/21 já foi comercializada, e, agora, produtores preferem colher e armazenar o grão, na expectativa de vender a oleaginosa a valores maiores nos meses posteriores. No mercado spot, o Indicador ESALQ/BM&FBovespa – Paranaguá subiu 2,3% entre 19 e 26 de março, indo para R$ 172,05/sc de 60 kg na sexta-feira, 26. O Indicador CEPEA/ESALQ Paraná avançou 2,8% na mesma comparação, a R$ 165,07/sc de 60 kg na sexta. Fonte: ', 'data_hora': '2021-03-29', 'Unnamed: 0': 119, 'qtde_palavras_soja': 1.0}"                                                                                                                                                                                                                                                                                                                                                                                                                                                                                                                                                                                                                                                                                                                                                                                                                                                                                                                                                                                                                                                                                                                                                                                                                                                                                                                                                                                                                                                                                  ,{}   ,2023-04-21 01:03:00.249666+00:00 ,2023-04-26 19:00:38.249658+00:00 ,     987 ,                1 ,                    0 ,                0 ,            0 ,                       0 ,                        ,      1 ,         3 ,[]              ,163 ,           3 ,"[{'id': 'IV7mOWePyt', 'type': 'choices', 'value': {'choices': ['Positiva']}, 'origin': 'manual', 'to_name': 'text', 'from_name': 'sentiment'}]"       ,False         ,False        ,2023-04-26T19:00:37.005039Z ,2023-04-26T19:00:37.005054Z , 133.783              ,{}         ,           0 ,5c78ea67-2c29-4fb1-81b6-b509bc917aa7 ,            , 987 ,      1 ,         3 ,                  ,                  ,
153 , 994 ,0a93ad42-noticias_cepea_soja.csv ,[]                                                                                                                                                                                                                                                                                                                                                                                                                                                                        ,[]          ,"{'ano': 2021.0, 'mes': 2.0, 'url': 'https://www.cepea.esalq.usp.br/br/diarias-de-mercado/trigo-cepea-liquidez-interna-e-baixa-importacao-aumenta.aspx', 'data': '09/02/2021', 'titulo': 'TRIGO/CEPEA: Liquidez interna é baixa; importação aumenta', 'noticia': 'Cepea, 09/02/2021 – A baixa disponibilidade de trigo e o ritmo lento de negócios no mercado brasileiro levaram as indústrias a intensificarem as importações do cereal em janeiro. No mercado de lotes, colaboradores do Cepea relataram negócios pontuais, no intuito de liberar espaço em armazéns para a entrada da safra de soja. Do lado consumidor, moinhos estão atentos à chegada de trigo importado nas próximas semanas. Dados da Secex apontam que o total adquirido em janeiro foi de 643,9 mil toneladas, volume 127,1% superior ao de dezembro/20, mas 0,6% abaixo do de janeiro/20. Fonte: ', 'data_hora': '2021-02-09', 'Unnamed: 0': 87, 'qtde_palavras_soja': 1.0}"                                                                                                                                                                                                                                                                                                                                                                                                                                                                                                                                                                                                                                                                                                                                                                                                                                                                                                                                                                                                                                                                                                                                                                                                                                                                                                                                                                                                                                                                                                                                                       ,{}   ,2023-04-21 01:03:00.249940+00:00 ,2023-04-26 04:32:27.348939+00:00 ,     994 ,                1 ,                    0 ,                0 ,            0 ,                       0 ,                        ,      1 ,         1 ,[]              ,120 ,           1 ,"[{'id': 'qVxi-4og0n', 'type': 'choices', 'value': {'choices': ['Neutra']}, 'origin': 'manual', 'to_name': 'text', 'from_name': 'sentiment'}]"         ,False         ,False        ,2023-04-26T04:32:26.032544Z ,2023-04-26T04:32:26.032562Z ,   8.906              ,{}         ,           0 ,e5d12744-e7fe-4bc3-9d3c-9a33a1428909 ,            , 994 ,      1 ,         1 ,                  ,                  ,
154 ,1033 ,0a93ad42-noticias_cepea_soja.csv ,[]                                                                                                                                                                                                                                                                                                                                                                                                                                                                        ,[]          ,"{'ano': 2022.0, 'mes': 10.0, 'url': 'https://www.cepea.esalq.usp.br/br/diarias-de-mercado/frango-cepea-poder-de-compra-do-avicultor-tem-novo-recuo.aspx', 'data': '21/10/2022', 'titulo': 'FRANGO/CEPEA: Poder de compra do avicultor tem novo recuo', 'noticia': 'Cepea, 21/10/2022 – De setembro para a parcial de outubro, os preços do frango vivo têm registrado queda. Segundo pesquisadores do Cepea, a pressão vem do aumento da oferta de animais. Por outro lado, os valores dos principais insumos da cadeia avícola, o milho e o farelo de soja, apresentam estabilidade e avanços, respectivamente. Nesse contexto, o poder de compra do avicultor frente a esses insumos vem recuando em outubro – trata-se do segundo mês seguido de piora na relação de troca ao avicultor. Fonte: Cepea (', 'data_hora': '2022-10-21', 'Unnamed: 0': 1311, 'qtde_palavras_soja': 1.0}"                                                                                                                                                                                                                                                                                                                                                                                                                                                                                                                                                                                                                                                                                                                                                                                                                                                                                                                                                                                                                                                                                                                                                                                                                                                                                                                                                                                                                                                                                                                                                                                                                      ,{}   ,2023-04-21 01:03:00.698937+00:00 ,2023-04-22 16:39:25.853382+00:00 ,    1033 ,                1 ,                    0 ,                0 ,            0 ,                       0 ,                        ,      1 ,         1 ,[]              ,101 ,           1 ,"[{'id': 'TLe3ydgRrq', 'type': 'choices', 'value': {'choices': ['Negativa']}, 'origin': 'manual', 'to_name': 'text', 'from_name': 'sentiment'}]"       ,False         ,False        ,2023-04-22T16:39:24.483910Z ,2023-04-22T16:39:24.483949Z ,   7.172              ,{}         ,           0 ,d6469937-f09e-4e79-be7f-84b5c81fe13d ,            ,1033 ,      1 ,         1 ,                  ,                  ,
155 ,1042 ,0a93ad42-noticias_cepea_soja.csv ,[]                                                                                                                                                                                                                                                                                                                                                                                                                                                                        ,[]          ,"{'ano': 2021.0, 'mes': 5.0, 'url': 'https://www.cepea.esalq.usp.br/br/diarias-de-mercado/soja-cepea-desvalorizacao-do-dolar-enfraquece-precos-no-br.aspx', 'data': '03/05/2021', 'titulo': 'SOJA/CEPEA: Desvalorização do dólar enfraquece preços no BR', 'noticia': 'Cepea, 03/05/2021 – Os preços da soja recuaram no mercado brasileiro na semana passada. Segundo pesquisadores do Cepea, a pressão veio da desvalorização do dólar frente ao Real e da redução da demanda interna – neste caso, muitas indústrias trabalham com a oleaginosa já contratada, enquanto outras unidades do Sul do País indicam importar a matéria-prima do Paraguai. Por outro lado, a demanda externa aquecida acabou limitando o movimento de queda dos preços no Brasil. Entre 23 e 30 de abril, os Indicadores ESALQ/BM&FBovespa – Paranaguá e CEPEA/ESALQ Paraná recuaram 0,68% e 1,37%, respectivamente, indo para R$ 179,72 e R$ 172,10/sc de 60 kg na sexta-feira, 30. Fonte: ', 'data_hora': '2021-05-03', 'Unnamed: 0': 695, 'qtde_palavras_soja': 1.0}"                                                                                                                                                                                                                                                                                                                                                                                                                                                                                                                                                                                                                                                                                                                                                                                                                                                                                                                                                                                                                                                                                                                                                                                                                                                                                                                                                                                                                                                         ,{}   ,2023-04-21 01:03:00.699222+00:00 ,2023-04-26 18:58:19.346113+00:00 ,    1042 ,                1 ,                    0 ,                0 ,            0 ,                       0 ,                        ,      1 ,         3 ,[]              ,162 ,           3 ,"[{'id': 'MAz7mWBrbo', 'type': 'choices', 'value': {'choices': ['Negativa']}, 'origin': 'manual', 'to_name': 'text', 'from_name': 'sentiment'}]"       ,False         ,False        ,2023-04-26T18:58:18.119499Z ,2023-04-26T18:58:18.119516Z ,  99.042              ,{}         ,           0 ,ac90e322-0faa-42dd-a234-4c9af20b81bf ,            ,1042 ,      1 ,         3 ,                  ,                  ,
156 ,1078 ,0a93ad42-noticias_cepea_soja.csv ,[]                                                                                                                                                                                                                                                                                                                                                                                                                                                                        ,[]          ,"{'ano': 2023.0, 'mes': 3.0, 'url': 'https://www.cepea.esalq.usp.br/br/diarias-de-mercado/milho-cepea-semeadura-segue-atrasada-mas-safra-deve-ser-recorde.aspx', 'data': '13/03/2023', 'titulo': 'MILHO/CEPEA: Semeadura segue atrasada, mas safra deve ser recorde', 'noticia': 'Cepea, 13/03/2023 – Apesar dos atrasos na semeadura da segunda safra de milho no Brasil, dados oficias seguem apontando produção nacional recorde. Já na Argentina, novos ajustes negativos nas estimativas levaram à redução na produção mundial – que, ressalta-se, só não caiu com mais intensidade por conta da maior colheita no Brasil e da manutenção na produção dos Estados Unidos. Neste contexto, pesquisadores do Cepea indicam que, enquanto produtores estão focados nos trabalhos de campo, consumidores nacionais adquirem novos lotes apenas quando há necessidade de recompor os estoques. Ainda assim, alguns demandantes acabam tendo dificuldades nas aquisições, por conta de questões logísticas – com o avanço na colheita de soja, o frete da oleaginosa tem certa prioridade. Fonte: Cepea (', 'data_hora': '2023-03-13', 'Unnamed: 0': 6305, 'qtde_palavras_soja': 1.0}"                                                                                                                                                                                                                                                                                                                                                                                                                                                                                                                                                                                                                                                                                                                                                                                                                                                                                                                                                                                                                                                                                                                                                                                                                                                                                                                         ,{}   ,2023-04-21 01:03:00.700400+00:00 ,2023-04-26 04:33:37.676149+00:00 ,    1078 ,                1 ,                    0 ,                0 ,            0 ,                       0 ,                        ,      1 ,         1 ,[]              ,125 ,           1 ,"[{'id': '4Mt8kjbMsf', 'type': 'choices', 'value': {'choices': ['Neutra']}, 'origin': 'manual', 'to_name': 'text', 'from_name': 'sentiment'}]"         ,False         ,False        ,2023-04-26T04:33:36.362928Z ,2023-04-26T04:33:36.362947Z ,   9.819              ,{}         ,           0 ,4a861c99-44cf-41ac-b3f0-9637aed59f0c ,            ,1078 ,      1 ,         1 ,                  ,                  ,
157 ,1084 ,0a93ad42-noticias_cepea_soja.csv ,[]                                                                                                                                                                                                                                                                                                                                                                                                                                                                        ,[]          ,"{'ano': 2013.0, 'mes': 5.0, 'url': 'https://www.cepea.esalq.usp.br/br/diarias-de-mercado/frango-cepea-preco-do-vivo-segue-pressionado-desde-janeiro.aspx', 'data': '17/05/2013', 'titulo': 'FRANGO/CEPEA: Preço do vivo segue pressionado desde janeiro', 'noticia': 'Cepea, 17/05/2013 - A oferta do frango vivo continua maior que a demanda, pressionado os preços, que vêm caindo desde o início do ano na maioria das regiões acompanhadas pelo Cepea. Em relação ao segmento de carne, houve maior liquidez no início do mês, por ocasião do Dia das Mães e do pagamento do salário, mas, nesta semana, o ritmo de comercialização voltou a diminuir, reduzindo as cotações. No mercado de insumos, estimativas apontam produção de milho cada vez maior na safra de inverno, o que pode fazer com que as cotações do grão recuem com força no médio prazo. Por enquanto, segundo dados do Cepea, os preços seguem firmes. Em relação ao farelo de soja, a demanda internacional pelo derivado esteve aquecida nos últimos dias. ', 'data_hora': '2013-05-17', 'Unnamed: 0': 6379, 'qtde_palavras_soja': 1.0}"                                                                                                                                                                                                                                                                                                                                                                                                                                                                                                                                                                                                                                                                                                                                                                                                                                                                                                                                                                                                                                                                                                                                                                                                                                                                                                                                                                                         ,{}   ,2023-04-21 01:03:00.700596+00:00 ,2023-04-26 04:44:31.476551+00:00 ,    1084 ,                1 ,                    0 ,                0 ,            0 ,                       0 ,                        ,      1 ,         1 ,[]              ,139 ,           1 ,"[{'id': 'Mlrz3YmJHI', 'type': 'choices', 'value': {'choices': ['Negativa']}, 'origin': 'manual', 'to_name': 'text', 'from_name': 'sentiment'}]"       ,False         ,False        ,2023-04-26T04:44:30.135973Z ,2023-04-26T04:44:30.135988Z ,  14.778              ,{}         ,           0 ,c1094f34-2032-44fc-9c40-34ba78406d53 ,            ,1084 ,      1 ,         1 ,                  ,                  ,
158 ,1092 ,0a93ad42-noticias_cepea_soja.csv ,"[{'id': 33, 'user': 'elizeumota@ufms.br', 'created_username': 'elizeumota@ufms.br, 3', 'created_ago': '7\xa0hours, 57\xa0minutes', 'result': [{'id': 'Ah6rMXdqdr', 'type': 'choices', 'value': {'choices': ['Positiva']}, 'origin': 'manual', 'to_name': 'text', 'from_name': 'sentiment'}], 'lead_time': 121.364, 'was_postponed': False, 'created_at': '2023-04-26T19:29:45.087696Z', 'updated_at': '2023-04-26T19:29:45.087710Z', 'task': 1092, 'annotation': None}]" ,[]          ,"{'ano': 2015.0, 'mes': 2.0, 'url': 'https://www.cepea.esalq.usp.br/br/diarias-de-mercado/milho-cepea-precos-voltam-a-cair-nos-portos.aspx', 'data': '03/02/2015', 'titulo': 'MILHO/CEPEA: Preços voltam a cair nos portos', 'noticia': 'Cepea, 03/02/2015 - Apesar do bom ritmo das exportações no mês de janeiro, os preços do milho nas regiões dos portos voltaram a recuar, influenciados pela queda nos valores internacionais e pelo aquecimento das negociações de soja. No interior do País, também tem havido pequena desvalorização. No campo, avança o semeio do cereal de segunda safra no Paraná e em Mato Grosso, principais produtores. Em janeiro, os preços em Paranaguá acumularam queda de 5,1%; na região de Santos, o recuo foi de 10,3% e, em Campinas (Indicador ESALQ/BM&FBovespa), de 6,9%. Apesar da baixa nas regiões dos portos, o ritmo de embarque foi intenso em janeiro. Segundo a Secex, em janeiro (21 dias úteis), foram exportadas 3,2 milhões de toneladas de milho, com média diária (para dias úteis) de 152,38 mil toneladas. ', 'data_hora': '2015-02-03', 'Unnamed: 0': 5390, 'qtde_palavras_soja': 1.0}"                                                                                                                                                                                                                                                                                                                                                                                                                                                                                                                                                                                                                                                                                                                                                                                                                                                                                                                                                                                                                                                                                                                                                                                                                                                                                                                                                          ,{}   ,2023-04-21 01:03:00.700876+00:00 ,2023-04-26 19:29:47.198856+00:00 ,    1092 ,                1 ,                    0 ,                0 ,            0 ,                       0 ,                        ,      1 ,         3 ,[]              ,173 ,           3 ,"[{'id': 'Ah6rMXdqdr', 'type': 'choices', 'value': {'choices': ['Positiva']}, 'origin': 'manual', 'to_name': 'text', 'from_name': 'sentiment'}]"       ,False         ,False        ,2023-04-26T19:29:45.961469Z ,2023-04-26T19:29:45.961488Z , 122.061              ,{}         ,           0 ,ddb6e236-8af1-415a-885f-e8da21f61e0e ,            ,1092 ,      1 ,         3 ,                  ,                  ,
159 ,1108 ,0a93ad42-noticias_cepea_soja.csv ,"[{'id': 23, 'user': 'elizeumota@ufms.br', 'created_username': 'elizeumota@ufms.br, 3', 'created_ago': '8\xa0hours, 32\xa0minutes', 'result': [{'id': 'euuDAfLyIb', 'type': 'choices', 'value': {'choices': ['Neutra']}, 'origin': 'manual', 'to_name': 'text', 'from_name': 'sentiment'}], 'lead_time': 257.673, 'was_postponed': False, 'created_at': '2023-04-26T18:53:56.366847Z', 'updated_at': '2023-04-26T18:53:56.366860Z', 'task': 1108, 'annotation': None}]"   ,[]          ,"{'ano': '', 'mes': '', 'url': 'https://www.cepea.esalq.usp.br/br/diarias-de-mercado/suinos-cepea-queda-do-vivo-e-alta-do-milho-reduzem-poder-de-compra.aspx', 'data': '', 'titulo': 'SUÍNOS/CEPEA: Queda do vivo e alta do milho reduzem poder de compra', 'noticia': 'Cepea, 14/2/2014 - O poder de compra de suinocultores está menor neste início de fevereiro, devido às altas de preços do milho, um dos principais insumos utilizados na atividade, junto ao farelo, e à continuidade das quedas nas cotações do animal vivo. De acordo com pesquisadores do Cepea, o clima adverso, as altas nas cotações externas do milho e a valorização do dólar frente ao Real têm elevado os preços do cereal. A forte desvalorização do suíno vivo no mercado interno, por sua vez, é resultado do recuo de preços no mercado atacadista, em decorrência da menor demanda. Frente ao farelo de soja, a relação de troca também está desfavorável ao produtor, mas, neste caso, pesou, principalmente, o recuo na cotação do animal vivo. ', 'data_hora': '', 'Unnamed: 0': 5935, 'qtde_palavras_soja': 1.0}"                                                                                                                                                                                                                                                                                                                                                                                                                                                                                                                                                                                                                                                                                                                                                                                                                                                                                                                                                                                                                                                                                                                                                                                                                                                                                                                                                                                                   ,{}   ,2023-04-21 01:03:00.701404+00:00 ,2023-04-26 18:53:57.998649+00:00 ,    1108 ,                1 ,                    0 ,                0 ,            0 ,                       0 ,                        ,      1 ,         3 ,[]              ,160 ,           3 ,"[{'id': 'euuDAfLyIb', 'type': 'choices', 'value': {'choices': ['Neutra']}, 'origin': 'manual', 'to_name': 'text', 'from_name': 'sentiment'}]"         ,False         ,False        ,2023-04-26T18:53:56.745914Z ,2023-04-26T18:53:56.745937Z , 257.86               ,{}         ,           0 ,35312847-3176-4051-9510-d850e5162940 ,            ,1108 ,      1 ,         3 ,                  ,                  ,
160 ,1110 ,0a93ad42-noticias_cepea_soja.csv ,[]                                                                                                                                                                                                                                                                                                                                                                                                                                                                        ,[]          ,"{'ano': 2013.0, 'mes': 11.0, 'url': 'https://www.cepea.esalq.usp.br/br/diarias-de-mercado/soja-cepea-cotacoes-internas-do-grao-e-dos-derivados-registram-altas.aspx', 'data': '18/11/2013', 'titulo': 'SOJA/CEPEA: Cotações internas do grão e dos derivados registram altas', 'noticia': 'Cepea, 18/11/2013 - Os preços da soja e derivados têm registrado alta em praticamente todas as regiões acompanhadas pelo Cepea. Segundo pesquisadores do Cepea, a elevação está atrelada à demanda internacional firme, especialmente pelo produto norte-americano, já que aumenta os preços nas bolsas. Além disso, a valorização do dólar frente ao Real e novos negócios FOB para exportação imediata impulsionam os valores internos. No mercado brasileiro, produtores têm avançado com as atividades de plantio em ritmo de otimismo, aguardando safra recorde. Pesquisadores do Cepea relatam que praticamente não há mais negociações no porto de Paranaguá (PR) e as que ocorrem envolvem apenas lotes pequenos para completar navios que estão sendo embarcados. O Indicador ESALQ/BM&FBovespa (produto transferido para armazéns do porto de Paranaguá) teve aumento de 3% entre 7 e 14 de novembro, indo para R$ 77,25/saca de 60 kg na quinta-feira, 14. Ao ser convertido para dólar, moeda prevista nos contratos futuros da BM&FBovespa, o Indicador fechou a US$ 33,30/sc de 60 kg na quinta, elevação de 2,39% se comparado à quinta-feira. A média ponderada das regiões paranaenses, refletida no Indicador CEPEA/ESALQ, teve alta de 2% entre 7 e 14 de novembro, indo para R$ 74,96/sc de 60 kg na quinta. ', 'data_hora': '2013-11-18', 'Unnamed: 0': 5980, 'qtde_palavras_soja': 1.0}"                                                                                                                                                                                                                                                                                                                                                                                                                                                                                                                                                                                                                                                                                                                                                                                                    ,{}   ,2023-04-21 01:03:00.701477+00:00 ,2023-04-26 04:46:01.555216+00:00 ,    1110 ,                1 ,                    0 ,                0 ,            0 ,                       0 ,                        ,      1 ,         1 ,[]              ,144 ,           1 ,"[{'id': 'eAi4i5EwEM', 'type': 'choices', 'value': {'choices': ['Positiva']}, 'origin': 'manual', 'to_name': 'text', 'from_name': 'sentiment'}]"       ,False         ,False        ,2023-04-26T04:46:00.235438Z ,2023-04-26T04:46:00.235454Z ,  24.257              ,{}         ,           0 ,6d10b871-79f6-4838-a47a-e0fe0e3aaa44 ,            ,1110 ,      1 ,         1 ,                  ,                  ,
161 ,1112 ,0a93ad42-noticias_cepea_soja.csv ,[]                                                                                                                                                                                                                                                                                                                                                                                                                                                                        ,[]          ,"{'ano': 2013.0, 'mes': 12.0, 'url': 'https://www.cepea.esalq.usp.br/br/diarias-de-mercado/soja-cepea-setor-se-atenta-ao-desenvolvimento-da-safra-13-14.aspx', 'data': '16/12/2013', 'titulo': 'SOJA/CEPEA: Setor se atenta ao desenvolvimento da safra 13/14', 'noticia': 'Cepea, 16/12/2013 - Com a aproximação do final de ano, as negociações envolvendo a soja vêm se desacelerando a cada dia. Nesse cenário, os preços seguem praticamente nominais, já que o ritmo é lento. Assim, agentes consultados pelo Cepea estão atentos ao desenvolvimento da safra 2013/14, que deve registrar produção recorde. No geral, as chuvas foram irregulares em praticamente todas as regiões produtoras do Brasil no início do plantio, o que influenciou o ataque da lagarta helicoverpa armigera - quatro estados chegaram a declarar emergência fitossanitária - e, mais recentemente, focos de ferrugem asiática. Porém, segundo colaboradores do Cepea, as pragas e fungos foram controlados, visto que foram identificadas no início dos trabalhos de campo. No geral, as lavouras brasileiras estão em fase de desenvolvimento vegetativo e produtores indicam boa qualidade do grão. ', 'data_hora': '2013-12-16', 'Unnamed: 0': 5997, 'qtde_palavras_soja': 1.0}"                                                                                                                                                                                                                                                                                                                                                                                                                                                                                                                                                                                                                                                                                                                                                                                                                                                                                                                                                                                                                                                                                                                                                                                                                                        ,{}   ,2023-04-21 01:03:00.701542+00:00 ,2023-04-26 04:33:09.055369+00:00 ,    1112 ,                1 ,                    0 ,                0 ,            0 ,                       0 ,                        ,      1 ,         1 ,[]              ,123 ,           1 ,"[{'id': 'PHAzgLtJaF', 'type': 'choices', 'value': {'choices': ['Neutra']}, 'origin': 'manual', 'to_name': 'text', 'from_name': 'sentiment'}]"         ,False         ,False        ,2023-04-26T04:33:07.753951Z ,2023-04-26T04:33:07.753967Z ,   8.539              ,{}         ,           0 ,fc9555ae-6247-45f3-b283-3a2106375883 ,            ,1112 ,      1 ,         1 ,                  ,                  ,
162 ,1118 ,0a93ad42-noticias_cepea_soja.csv ,[]                                                                                                                                                                                                                                                                                                                                                                                                                                                                        ,[]          ,"{'ano': 2012.0, 'mes': 9.0, 'url': 'https://www.cepea.esalq.usp.br/br/diarias-de-mercado/frango-cepea-carne-tem-precos-distintos-entre-as-pracas.aspx', 'data': '14/09/2012', 'titulo': 'FRANGO/CEPEA: Carne tem preços distintos entre as praças', 'noticia': 'Cepea, 14/09/2012 - As cotações da carne de frango apresentaram movimentos diferentes nos últimos dias entre as regiões pesquisadas pelo Cepea. Em algumas praças, o feriado na última sexta-feira, 7, fez com que as compras fossem antecipadas, influenciando os leves reajustes nos preços. Já nas demais praças, nem mesmo a entrada de salário conseguiu aquecer a demanda. Segundo alguns colaboradores do Cepea, o aumento do preço da carne de frango no correr de agosto tem afastado parte dos consumidores desse produto. Em relação ao mercado do frango vivo, o preço médio pago ao produtor segue estável, mas as cotações dos principais insumos da atividade (farelo de soja e milho) continuam pressionando a rentabilidade do avicultor. ', 'data_hora': '2012-09-14', 'Unnamed: 0': 6733, 'qtde_palavras_soja': 1.0}"                                                                                                                                                                                                                                                                                                                                                                                                                                                                                                                                                                                                                                                                                                                                                                                                                                                                                                                                                                                                                                                                                                                                                                                                                                                                                                                                                                                                     ,{}   ,2023-04-21 01:03:00.701786+00:00 ,2023-04-22 16:38:07.750529+00:00 ,    1118 ,                1 ,                    0 ,                0 ,            0 ,                       0 ,                        ,      1 ,         1 ,[]              , 94 ,           1 ,"[{'id': 'oXLivTWG_L', 'type': 'choices', 'value': {'choices': ['Negativa']}, 'origin': 'manual', 'to_name': 'text', 'from_name': 'sentiment'}]"       ,False         ,False        ,2023-04-22T16:38:06.369551Z ,2023-04-22T16:38:06.369573Z ,   6.366              ,{}         ,           0 ,dd68fa5f-dde6-436e-a9aa-fd6f9c0e3b88 ,            ,1118 ,      1 ,         1 ,                  ,                  ,
163 ,1160 ,0a93ad42-noticias_cepea_soja.csv ,[]                                                                                                                                                                                                                                                                                                                                                                                                                                                                        ,[]          ,"{'ano': 2012.0, 'mes': 11.0, 'url': 'https://www.cepea.esalq.usp.br/br/diarias-de-mercado/milho-cepea-agentes-estao-atentos-ao-avanco-do-plantio.aspx', 'data': '20/11/2012', 'titulo': 'MILHO/CEPEA: Agentes estão atentos ao avanço do plantio', 'noticia': 'Cepea, 20/11/2012 - Agentes brasileiros estão atentos ao avanço dos trabalhos de campo e ao desenvolvimento das lavouras de verão da safra 2012/13. Segundo pesquisadores do Cepea, ainda há incertezas sobre o tamanho da safra de verão, assim como se o atraso do cultivo de soja em algumas regiões poderá afetar o semeio das lavouras de milho de segunda safra em período considerado ideal, o que impactaria negativamente a produtividade. A possibilidade de, em 2013, as chuvas cessarem mais cedo que o observado em 2012 é outro fator de preocupação. Em relação aos preços, o Indicador ESALQ/BM&FBovespa, que representa negócios no segmento de lotes na região de Campinas (SP), subiu 1,46% de 12 a 19 de novembro, fechando a R$ 34,10/saca de 60 kg nessa segunda-feira, 19. Se considerada a taxa de desconto NPR na região de Campinas, o preço médio à vista foi de R$ 33,58/sc de 60 kg na segunda, alta de 1,23% no mesmo período. ', 'data_hora': '2012-11-20', 'Unnamed: 0': 6634, 'qtde_palavras_soja': 1.0}"                                                                                                                                                                                                                                                                                                                                                                                                                                                                                                                                                                                                                                                                                                                                                                                                                                                                                                                                                                                                                                                                                                                                                                                                    ,{}   ,2023-04-21 01:03:00.703196+00:00 ,2023-04-26 04:34:07.697229+00:00 ,    1160 ,                1 ,                    0 ,                0 ,            0 ,                       0 ,                        ,      1 ,         1 ,[]              ,127 ,           1 ,"[{'id': 'AKysxB8_WN', 'type': 'choices', 'value': {'choices': ['Neutra']}, 'origin': 'manual', 'to_name': 'text', 'from_name': 'sentiment'}]"         ,False         ,False        ,2023-04-26T04:34:06.353686Z ,2023-04-26T04:34:06.353700Z ,   9.94               ,{}         ,           0 ,e9d0d0bc-c7b2-42d4-b103-06e14f079956 ,            ,1160 ,      1 ,         1 ,                  ,                  ,
164 ,1181 ,0a93ad42-noticias_cepea_soja.csv ,[]                                                                                                                                                                                                                                                                                                                                                                                                                                                                        ,[]          ,"{'ano': 2016.0, 'mes': 6.0, 'url': 'https://www.cepea.esalq.usp.br/br/diarias-de-mercado/suinos-cepea-em-sp-poder-de-compra-frente-ao-milho-cresce-20.aspx', 'data': '23/06/2016', 'titulo': 'SUÍNOS/CEPEA: Em SP, poder de compra frente ao milho cresce 20%', 'noticia': 'Cepea, 23/06/2016 - O poder de compra de suinocultores frente ao milho, um dos principais insumos da atividade, subiu expressivamente neste mês. Segundo pesquisadores do Cepea, além das altas nos valores do animal vivo, as cotações do cereal vêm caindo com força em muitas regiões brasileiras, pressionadas pelo avanço da colheita da segunda safra. Já quanto ao farelo de soja, o poder de compra cresceu em algumas praças, mas diminuiu em outras. Na região de SP-5 (Bragança Paulista, Campinas, Piracicaba, São Paulo e Sorocaba), o poder de compra do suinocultor independente aumentou 20,2% no correr deste mês frente ao milho e 6,5% em relação ao farelo. Em Chapecó (SC), o poder de compra de produtores aumentou 13% frente ao milho, mas caiu 8,8% em relação ao farelo. ', 'data_hora': '2016-06-23', 'Unnamed: 0': 4396, 'qtde_palavras_soja': 1.0}"                                                                                                                                                                                                                                                                                                                                                                                                                                                                                                                                                                                                                                                                                                                                                                                                                                                                                                                                                                                                                                                                                                                                                                                                                                                                                                                                                 ,{}   ,2023-04-21 01:03:00.703911+00:00 ,2023-04-22 16:39:03.669524+00:00 ,    1181 ,                1 ,                    0 ,                0 ,            0 ,                       0 ,                        ,      1 ,         1 ,[]              , 99 ,           1 ,"[{'id': 'WYjLdY0iNB', 'type': 'choices', 'value': {'choices': ['Positiva']}, 'origin': 'manual', 'to_name': 'text', 'from_name': 'sentiment'}]"       ,False         ,False        ,2023-04-22T16:39:02.285525Z ,2023-04-22T16:39:02.285542Z ,  15.345              ,{}         ,           0 ,3ba9ef5d-eaf8-455f-9d52-302c58fbb3d6 ,            ,1181 ,      1 ,         1 ,                  ,                  ,
165 ,1198 ,0a93ad42-noticias_cepea_soja.csv ,[]                                                                                                                                                                                                                                                                                                                                                                                                                                                                        ,[]          ,"{'ano': 2017.0, 'mes': 10.0, 'url': 'https://www.cepea.esalq.usp.br/br/diarias-de-mercado/milho-cepea-vendedores-reduzem-oferta-e-valores-seguem-em-alta.aspx', 'data': '30/10/2017', 'titulo': 'MILHO/CEPEA: Vendedores reduzem oferta e valores seguem em alta', 'noticia': 'Cepea, 30/10/2017 – As cotações do milho continuam subindo no mercado interno, devido à retração de vendedores, que acreditam em novas valorizações nas próximas semanas. Esse comportamento, por sua vez, está atrelado a incertezas quanto ao desenvolvimento da nova safra de verão de milho e de soja, e ao bom ritmo das exportações. Nesse contexto, segundo colaboradores do Cepea, vendedores vêm postergando as negociações de grandes lotes, limitando os volumes ofertados. Compradores, por outro lado, estão mais ativos no mercado, visto que estão com estoques reduzidos. Assim, o Indicador ESALQ/BM&FBovespa (Campinas/SP) subiu 5,7% no acumulado do mês, a R$ 31,76/saca de 60 quilos na sexta-feira, 27. ', 'data_hora': '2017-10-30', 'Unnamed: 0': 3516, 'qtde_palavras_soja': 1.0}"                                                                                                                                                                                                                                                                                                                                                                                                                                                                                                                                                                                                                                                                                                                                                                                                                                                                                                                                                                                                                                                                                                                                                                                                                                                                                                                                                                                                                   ,{}   ,2023-04-21 01:03:00.704458+00:00 ,2023-04-26 04:45:16.593732+00:00 ,    1198 ,                1 ,                    0 ,                0 ,            0 ,                       0 ,                        ,      1 ,         1 ,[]              ,142 ,           1 ,"[{'id': '8lv0vbJY4U', 'type': 'choices', 'value': {'choices': ['Positiva']}, 'origin': 'manual', 'to_name': 'text', 'from_name': 'sentiment'}]"       ,False         ,False        ,2023-04-26T04:45:15.260763Z ,2023-04-26T04:45:15.260775Z ,  10.814              ,{}         ,           0 ,7859194d-f4a5-4f6a-a56f-37279d5d8945 ,            ,1198 ,      1 ,         1 ,                  ,                  ,
166 ,1209 ,0a93ad42-noticias_cepea_soja.csv ,[]                                                                                                                                                                                                                                                                                                                                                                                                                                                                        ,[]          ,"{'ano': '', 'mes': '', 'url': 'https://www.cepea.esalq.usp.br/br/diarias-de-mercado/ovos-cepea-oferta-restrita-e-aumento-da-demanda-sustentam-precos.aspx', 'data': '', 'titulo': 'OVOS/CEPEA: Oferta restrita e aumento da demanda sustentam preços', 'noticia': 'Cepea, 7/7/2017 – As cotações seguem firmes no mercado de ovos, refletindo a oferta restrita do produto na maioria das regiões pesquisadas pelo Cepea. As baixas temperaturas dos últimos dias reduziram a produção nas granjas – algumas chegaram a registrar queda de 15% na produção nos últimos sete dias. Além disso, conforme colaboradores do Cepea, a demanda por ovos aumentou nesse começo de mês, apesar das férias escolares, que diminuem as vendas destinadas à merenda e costumam alterar os padrões de consumo em julho. Segundo agentes do setor consultados pelo Cepea, o ritmo de comercialização também segue bom, favorecido pelos baixos patamares de preços dos principais insumos utilizados na atividade: milho e farelo de soja. ', 'data_hora': '', 'Unnamed: 0': 3850, 'qtde_palavras_soja': 1.0}"                                                                                                                                                                                                                                                                                                                                                                                                                                                                                                                                                                                                                                                                                                                                                                                                                                                                                                                                                                                                                                                                                                                                                                                                                                                                                                                                                                                                            ,{}   ,2023-04-21 01:03:00.704838+00:00 ,2023-04-22 16:41:47.652278+00:00 ,    1209 ,                1 ,                    0 ,                0 ,            0 ,                       0 ,                        ,      1 ,         1 ,[]              ,107 ,           1 ,"[{'id': '_aLjTx5BGm', 'type': 'choices', 'value': {'choices': ['Positiva']}, 'origin': 'manual', 'to_name': 'text', 'from_name': 'sentiment'}]"       ,False         ,False        ,2023-04-22T16:41:46.288127Z ,2023-04-22T16:41:46.288146Z ,  82.924              ,{}         ,           0 ,9ae50bb6-0c64-462e-b138-b39e88eba5d1 ,            ,1209 ,      1 ,         1 ,                  ,                  ,
167 ,1222 ,0a93ad42-noticias_cepea_soja.csv ,[]                                                                                                                                                                                                                                                                                                                                                                                                                                                                        ,[]          ,"{'ano': 2015.0, 'mes': 10.0, 'url': 'https://www.cepea.esalq.usp.br/br/diarias-de-mercado/soja-cepea-precos-sobem-clima-melhora-e-favorece-cultivo.aspx', 'data': '26/10/2015', 'titulo': 'SOJA/CEPEA: Preços sobem; clima melhora e favorece cultivo', 'noticia': 'Cepea, 26/10/2015\xa0- Com a valorização do dólar na última semana, produtores voltaram a se afastar do mercado, cenário que elevou os preços da soja em grão. Com boa parte da produção da temporada 2015/16 já comprometida, vendedores voltam as atenções ao cultivo da nova safra. Além disso, pesquisadores do Cepea indicam que as demandas interna - principalmente para a produção de biodiesel - e externa seguem aquecidas. No Sul do Brasil, as precipitações da última semana foram menos intensas e, com isso, produtores conseguiram avançar com os trabalhos de campo. No Centro-Oeste, onde o clima estava seco, precipitações em algumas regiões e previsões de chuvas em outras animaram sojicultores a iniciarem e/ou avançarem o cultivo da oleaginosa.', 'data_hora': '2015-10-26', 'Unnamed: 0': 4925, 'qtde_palavras_soja': 1.0}"                                                                                                                                                                                                                                                                                                                                                                                                                                                                                                                                                                                                                                                                                                                                                                                                                                                                                                                                                                                                                                                                                                                                                                                                                                                                                                                                                                                 ,{}   ,2023-04-21 01:03:00.705375+00:00 ,2023-04-26 17:44:12.448408+00:00 ,    1222 ,                1 ,                    0 ,                0 ,            0 ,                       0 ,                        ,      1 ,         3 ,[]              ,154 ,           3 ,"[{'id': 'S5JS_zabnl', 'type': 'choices', 'value': {'choices': ['Positiva']}, 'origin': 'manual', 'to_name': 'text', 'from_name': 'sentiment'}]"       ,False         ,False        ,2023-04-26T17:44:11.211772Z ,2023-04-26T17:44:11.211788Z ,  66.989              ,{}         ,           0 ,70468e40-8c29-4681-909a-29c200fa6b52 ,            ,1222 ,      1 ,         3 ,                  ,                  ,
168 ,1236 ,0a93ad42-noticias_cepea_soja.csv ,[]                                                                                                                                                                                                                                                                                                                                                                                                                                                                        ,[]          ,"{'ano': 2015.0, 'mes': 4.0, 'url': 'https://www.cepea.esalq.usp.br/br/diarias-de-mercado/suinos-cepea-precos-do-animal-vivo-e-da-carne-seguem-em-queda.aspx', 'data': '17/04/2015', 'titulo': 'SUÍNOS/CEPEA: Preços do animal vivo e da carne seguem em queda', 'noticia': 'Cepea, 17/04/2015 - Iniciadas em meados de março, as quedas nos preços do suíno vivo estão mais intensas que as observadas para os principais insumos utilizados na atividade (milho e farelo de soja). Esse cenário vem reduzindo o poder de compra de produtores de suínos, comparando-se a parcial de abril com o mesmo período do ano passado. No mercado de carne suína, o movimento também é de recuo nos preços, por conta justamente dos menores consumos interno e externo. Segundo colaboradores do Cepea, o desajuste entre oferta e demanda vem principalmente do Sul do País, que acaba enviando o produto para outros estados, reforçando a pressão sobre os valores. Para que os estoques não aumentem expressivamente, indústrias vêm operando com cotações mais baixas, com promoções e aumento nos prazos de pagamento. ', 'data_hora': '2015-04-17', 'Unnamed: 0': 5149, 'qtde_palavras_soja': 1.0}"                                                                                                                                                                                                                                                                                                                                                                                                                                                                                                                                                                                                                                                                                                                                                                                                                                                                                                                                                                                                                                                                                                                                                                                                                                                                                                          ,{}   ,2023-04-21 01:03:00.705932+00:00 ,2023-04-22 16:37:35.581698+00:00 ,    1236 ,                1 ,                    0 ,                0 ,            0 ,                       0 ,                        ,      1 ,         1 ,[]              , 91 ,           1 ,"[{'id': '9oI0wWtSf8', 'type': 'choices', 'value': {'choices': ['Negativa']}, 'origin': 'manual', 'to_name': 'text', 'from_name': 'sentiment'}]"       ,False         ,False        ,2023-04-22T16:37:34.208979Z ,2023-04-22T16:37:34.209001Z ,   6.595              ,{}         ,           0 ,03adc90c-0e6b-4f0d-818e-3b98030bee98 ,            ,1236 ,      1 ,         1 ,                  ,                  ,
169 ,1242 ,0a93ad42-noticias_cepea_soja.csv ,"[{'id': 30, 'user': 'elizeumota@ufms.br', 'created_username': 'elizeumota@ufms.br, 3', 'created_ago': '8\xa0hours, 10\xa0minutes', 'result': [{'id': 'J7KVpZEakd', 'type': 'choices', 'value': {'choices': ['Negativa']}, 'origin': 'manual', 'to_name': 'text', 'from_name': 'sentiment'}], 'lead_time': 262.324, 'was_postponed': False, 'created_at': '2023-04-26T19:16:45.117147Z', 'updated_at': '2023-04-26T19:16:45.117160Z', 'task': 1242, 'annotation': None}]" ,[]          ,"{'ano': 2015.0, 'mes': 3.0, 'url': 'https://www.cepea.esalq.usp.br/br/diarias-de-mercado/trigo-cepea-dolar-em-alta-e-moinhos-ativos-elevam-cotacoes-do-grao.aspx', 'data': '17/03/2015', 'titulo': 'TRIGO/CEPEA: Dólar em alta e moinhos ativos elevam cotações do grão', 'noticia': 'Cepea, 17/03/2015 - A comercialização de trigo em grão esteve mais aquecida na última semana em relação às anteriores. Segundo pesquisadores do Cepea, moinhos estiveram ativos para reposição dos estoques e têm dado preferência ao cereal nacional. Com a constante valorização do dólar, o trigo importado está cada mais caro para os compradores brasileiros. Produtores, por sua vez, também demonstraram maior interesse nas negociações do produto estocado, com o objetivo de fazer caixa, já que os valores atuais são considerados atrativos. Esse cenário tem fortalecido os preços do trigo, o que pode influenciar na decisão pelo plantio do cereal em detrimento do milho na segunda safra. Para temporada 2015/16, espera-se avanço na área plantada principalmente no norte do Paraná, em razão também do atraso no cultivo de soja, que pode ficar fora da janela ideal. Porém, ainda não é possível mensurar o impacto sobre a área total do estado. ', 'data_hora': '2015-03-17', 'Unnamed: 0': 5283, 'qtde_palavras_soja': 1.0}"                                                                                                                                                                                                                                                                                                                                                                                                                                                                                                                                                                                                                                                                                                                                                                                                                                                                                                                                                                                                                                                                                                                                                                ,{}   ,2023-04-21 01:03:00.706153+00:00 ,2023-04-26 19:16:47.279336+00:00 ,    1242 ,                1 ,                    0 ,                0 ,            0 ,                       0 ,                        ,      1 ,         3 ,[]              ,169 ,           3 ,"[{'id': 'J7KVpZEakd', 'type': 'choices', 'value': {'choices': ['Negativa']}, 'origin': 'manual', 'to_name': 'text', 'from_name': 'sentiment'}]"       ,False         ,False        ,2023-04-26T19:16:46.063558Z ,2023-04-26T19:16:46.063580Z , 263.105              ,{}         ,           0 ,10161811-bc2b-401c-98d9-f0425e841c04 ,            ,1242 ,      1 ,         3 ,                  ,                  ,
170 ,1247 ,0a93ad42-noticias_cepea_soja.csv ,[]                                                                                                                                                                                                                                                                                                                                                                                                                                                                        ,[]          ,"{'ano': 2016.0, 'mes': 3.0, 'url': 'https://www.cepea.esalq.usp.br/br/diarias-de-mercado/suinos-cepea-alta-no-preco-do-milho-segue-pressionando-poder-de-compra.aspx', 'data': '17/03/2016', 'titulo': 'SUÍNOS/CEPEA: Alta no preço do milho segue pressionando poder de compra', 'noticia': 'Cepea, 17/03/2016 - O aumento nos preços do milho segue pressionando o poder de compra de suinocultores que, nesta primeira quinzena, registrou a pior marca para um mês de março de toda a série Cepea - para suínos, iniciou-se em 2004. Em relação ao farelo de soja, apesar de os valores desse insumo estarem em queda desde o final de janeiro, o poder compra do suinocultor na primeira quinzena de março também esteve menor que há um ano. Segundo pesquisadores do Cepea, as quedas de preços do suíno vivo seguem atreladas ao aumento da oferta nos últimos meses. Com os insumos utilizados na alimentação caros, produtores antecipam a terminação do animal ou ofertam mesmo abaixo do peso ideal, aumentando a disponibilidade de animais para abate.', 'data_hora': '2016-03-17', 'Unnamed: 0': 4567, 'qtde_palavras_soja': 1.0}"                                                                                                                                                                                                                                                                                                                                                                                                                                                                                                                                                                                                                                                                                                                                                                                                                                                                                                                                                                                                                                                                                                                                                                                                                                                                                                                                                            ,{}   ,2023-04-21 01:03:00.706351+00:00 ,2023-04-26 04:44:11.468981+00:00 ,    1247 ,                1 ,                    0 ,                0 ,            0 ,                       0 ,                        ,      1 ,         1 ,[]              ,138 ,           1 ,"[{'id': 'lKaJ9uOfnB', 'type': 'choices', 'value': {'choices': ['Negativa']}, 'origin': 'manual', 'to_name': 'text', 'from_name': 'sentiment'}]"       ,False         ,False        ,2023-04-26T04:44:10.143351Z ,2023-04-26T04:44:10.143368Z ,  10.508              ,{}         ,           0 ,458676e3-f21c-4741-8415-e915f84d8c2d ,            ,1247 ,      1 ,         1 ,                  ,                  ,
171 ,1258 ,0a93ad42-noticias_cepea_soja.csv ,[]                                                                                                                                                                                                                                                                                                                                                                                                                                                                        ,[]          ,"{'ano': 2016.0, 'mes': 1.0, 'url': 'https://www.cepea.esalq.usp.br/br/diarias-de-mercado/suinos-cepea-vivo-e-carne-tem-fortes-desvalorizacoes.aspx', 'data': '28/01/2016', 'titulo': 'SUÍNOS/CEPEA: Vivo e carne têm fortes desvalorizações', 'noticia': 'Cepea, 28/01/2016 - A exemplo de janeiro do ano passado, os preços do suíno vivo também têm apresentado forte queda neste mês, de cerca de 15%. A combinação de sucessivos recuos nos valores de venda com valorização do milho e do farelo de soja tem levado suinocultores de diversas localidades do País a ampliar a oferta de animais, o que reforça o comportamento de baixa dos preços do animal. Assim, a carne suína também acumula fortes desvalorizações neste mês, o que pode estimular a demanda por esta proteína. No atacado da Grande São Paulo, as cotações da carcaça comum e da carcaça especial recuam cerca de 13% desde o encerramento de 2015; em relação a janeiro de 2015, constatam-se quedas de 10% e 8,7%, considerando-se preços nominais. Nos próximos dias, as negociações visando ao abastecimento do varejo para o início do mês podem motivar alguma reação dos preços. ', 'data_hora': '2016-01-28', 'Unnamed: 0': 4689, 'qtde_palavras_soja': 1.0}"                                                                                                                                                                                                                                                                                                                                                                                                                                                                                                                                                                                                                                                                                                                                                                                                                                                                                                                                                                                                                                                                                                                                                                                                                                                            ,{}   ,2023-04-21 01:03:00.706881+00:00 ,2023-04-26 17:49:17.091008+00:00 ,    1258 ,                1 ,                    0 ,                0 ,            0 ,                       0 ,                        ,      1 ,         3 ,[]              ,155 ,           3 ,[]                                                                                                                                                     ,False         ,False        ,2023-04-26T17:49:15.841169Z ,2023-04-26T17:49:15.841202Z , 299.494              ,{}         ,           0 ,1f80f62b-5b97-45f6-bc46-92c860e2096b ,            ,1258 ,      1 ,         3 ,                  ,                  ,
172 ,1259 ,0a93ad42-noticias_cepea_soja.csv ,[]                                                                                                                                                                                                                                                                                                                                                                                                                                                                        ,[]          ,"{'ano': 2016.0, 'mes': 1.0, 'url': 'https://www.cepea.esalq.usp.br/br/diarias-de-mercado/ovos-cepea-oferta-recua-pressionada-pelas-altas-dos-insumos.aspx', 'data': '27/01/2016', 'titulo': 'OVOS/CEPEA: Oferta recua, pressionada pelas altas dos insumos', 'noticia': 'Cepea, 27/01/2016 - O movimento de alta dos preços dos ovos ganhou força na segunda quinzena do mês, impulsionado principalmente pela menor oferta doméstica. Além dos descartes já programados de poedeiras, os elevados valores dos insumos mais utilizados na avicultura de postura (milho e farelo de soja) têm feito com que produtores reduzam a quantidade de aves alojadas, assim como o volume de alimento disponibilizado. Esse cenário reforça a redução no volume produzido e, consequentemente, os aumentos nas cotações. A demanda também segue relativamente aquecida, contribuindo para impulsionar os valores. ', 'data_hora': '2016-01-27', 'Unnamed: 0': 4692, 'qtde_palavras_soja': 1.0}"                                                                                                                                                                                                                                                                                                                                                                                                                                                                                                                                                                                                                                                                                                                                                                                                                                                                                                                                                                                                                                                                                                                                                                                                                                                                                                                                                                                                                                                                                                                       ,{}   ,2023-04-21 01:03:00.706919+00:00 ,2023-04-26 04:35:07.455073+00:00 ,    1259 ,                1 ,                    0 ,                0 ,            0 ,                       0 ,                        ,      1 ,         1 ,[]              ,130 ,           1 ,"[{'id': 'ffZTIIa9MZ', 'type': 'choices', 'value': {'choices': ['Neutra']}, 'origin': 'manual', 'to_name': 'text', 'from_name': 'sentiment'}]"         ,False         ,False        ,2023-04-26T04:35:06.127690Z ,2023-04-26T04:35:06.127705Z ,   7.702              ,{}         ,           0 ,cf12377b-f5ad-4cdf-9dce-23e6886aa88c ,            ,1259 ,      1 ,         1 ,                  ,                  ,
